0           248.157820           160.000000            120.000000            0.040163            0.008839            108
1           198.643395           160.000000            119.999999            0.040897            0.008969            108
2           178.892682           160.287222            119.568200            0.041449            0.009396            97
3           161.985917           160.240072            119.591578            0.043807            0.010134            81
4           172.920589           160.704048            119.853564            0.043771            0.010284            64
5           198.613592           161.094219            120.133734            0.043653            0.008835            47
6           181.088512           160.801180            119.939524            0.049520            0.010853            40
7           173.366343           160.859208            119.853298            0.052871            0.011982            36
8           172.609357           160.607441            119.975276            0.053858            0.012440            34
9           166.105899           160.277000            120.035827            0.053784            0.012970            29
10           168.375426           160.222035            120.095388            0.053738            0.012905            29
11           170.005379           159.426905            119.449434            0.051355            0.011811            28
12           176.825028           159.590796            120.733011            0.052792            0.013907            26
13           172.389393           160.292550            121.323214            0.050151            0.012563            25
14           176.318180           159.993575            121.135509            0.053657            0.016306            18
15           177.855870           159.865338            120.925273            0.053552            0.016491            14
16           176.778869           159.835165            120.794058            0.053687            0.016741            13
17           176.585086           159.800987            120.673145            0.053497            0.016949            12
18           177.568082           159.452796            120.438034            0.052864            0.016896            12
19           178.080437           159.286743            120.183495            0.052694            0.016821            12
20           179.007575           158.949132            119.724642            0.052052            0.015348            11
21           180.036783           158.393178            119.257187            0.052154            0.016539            8
22           181.129740           158.397443            119.178421            0.052181            0.016793            8
23           181.060605           158.357259            119.073439            0.052369            0.016810            8
24           181.040013           158.345622            118.873597            0.052369            0.016772            5
25           181.573093           158.242609            118.704240            0.052664            0.016569            5
26           182.111770           158.192856            118.518918            0.052938            0.016371            4
27           183.133897           158.228617            118.598706            0.053326            0.016262            4
28           183.791332           158.290397            118.738495            0.053630            0.016225            4
29           184.144392           158.258033            118.452534            0.053527            0.016198            4
30           184.734682           158.012768            118.495620            0.054102            0.015947            3
31           185.344931           157.791907            118.279972            0.053780            0.015935            2
32           185.571689           157.718358            118.057021            0.053829            0.015815            2
33           186.149929           157.582043            117.944792            0.053826            0.015732            2
34           186.506666           157.489829            117.988193            0.053584            0.015790            2
35           186.932863           157.402681            117.915750            0.053454            0.015786            2
36           187.789459           157.207264            117.969152            0.053339            0.015784            2
37           188.900465           157.102170            118.025075            0.053307            0.015746            2
38           189.601371           157.106408            118.183175            0.053476            0.015699            2
39           189.954260           157.112089            118.277779            0.053639            0.015649            2
40           190.191574           157.141754            118.370214            0.053772            0.015632            2
41           190.412641           157.088663            118.400274            0.053824            0.015583            2
42           191.198171           157.089672            118.426747            0.053762            0.015603            2
43           192.185897           157.120294            118.502276            0.053787            0.015625            2
44           192.875523           157.156675            118.600589            0.053879            0.015618            2
45           193.991784           157.182665            118.572445            0.053999            0.015590            1
46           194.561355           157.142207            118.505236            0.054092            0.015529            1
47           195.312402           157.125442            118.476622            0.054067            0.015539            1
48           195.063510           157.023057            118.392295            0.054150            0.015450            1
49           195.274488           156.993767            118.453952            0.054188            0.015408            1
50           195.810681           156.983218            118.453131            0.054270            0.015371            1
51           195.933069           156.935541            118.439235            0.054432            0.015292            1
52           196.268803           156.963891            118.445832            0.054492            0.015272            1
53           196.298131           157.008770            118.479137            0.054474            0.015279            1
54           196.276018           156.997892            118.476538            0.054440            0.015274            1
55           196.313023           157.034719            118.514029            0.054473            0.015271            1
56           196.055499           157.020772            118.514676            0.054529            0.015213            1
57           195.902606           157.021174            118.517095            0.054491            0.015209            1
58           195.567306           156.983122            118.477535            0.054629            0.015113            1
59           195.525151           156.947116            118.502612            0.054713            0.015048            1
60           195.106348           156.907690            118.522373            0.054705            0.015015            1
61           194.984467           156.897204            118.540892            0.054700            0.015007            1
62           194.884257           156.869823            118.496466            0.054610            0.015007            1
63           194.926936           156.842652            118.454083            0.054588            0.014982            1
64           194.738198           156.862950            118.449881            0.054573            0.014960            1
65           194.544115           156.856088            118.538395            0.054575            0.015009            1
66           194.572097           156.841378            118.553121            0.054528            0.015025            1
67           194.479662           156.855542            118.631106            0.054622            0.014996            1
68           194.554169           156.860553            118.686351            0.054546            0.015033            1
69           194.587566           156.861647            118.693942            0.054502            0.015050            1
70           194.499060           156.854737            118.713658            0.054558            0.015029            1
71           194.504254           156.825731            118.702603            0.054564            0.015007            1
72           194.552268           156.827646            118.701262            0.054543            0.015012            1
73           194.526445           156.834433            118.709051            0.054546            0.015015            1
74           194.614046           156.850273            118.734005            0.054541            0.015027            1
75           194.594671           156.862433            118.744906            0.054553            0.015024            1
76           194.538757           156.844725            118.753151            0.054557            0.015015            1
77           194.427502           156.844326            118.768793            0.054568            0.015009            1
78           194.422306           156.839523            118.758158            0.054533            0.015018            1
79           194.375876           156.844836            118.775961            0.054500            0.015038            1
80           194.354865           156.871751            118.757952            0.054536            0.015022            1
81           194.302540           156.879708            118.757975            0.054493            0.015042            1
82           194.310652           156.892295            118.749537            0.054490            0.015057            1
83           194.233185           156.901392            118.753961            0.054413            0.015085            1
84           194.213080           156.928893            118.793013            0.054401            0.015102            1
85           194.110336           156.901963            118.830388            0.054365            0.015132            1
86           194.222316           156.872407            118.834130            0.054357            0.015138            1
87           194.225410           156.870960            118.831082            0.054352            0.015139            1
88           194.284876           156.834668            118.801873            0.054355            0.015136            1
89           194.355774           156.831831            118.810304            0.054410            0.015124            1
90           194.353281           156.833845            118.800965            0.054442            0.015118            1
91           194.351522           156.833287            118.795486            0.054422            0.015127            1
92           194.443674           156.790425            118.744099            0.054390            0.015120            1
93           194.620849           156.792622            118.695824            0.054430            0.015095            1
94           194.727081           156.754676            118.630180            0.054392            0.015089            1
95           194.885385           156.692996            118.589041            0.054364            0.015082            1
96           194.981758           156.648808            118.545853            0.054329            0.015082            1
97           195.034951           156.655793            118.540638            0.054348            0.015069            1
98           195.127605           156.667033            118.515128            0.054405            0.015068            1
99           195.133746           156.665998            118.509064            0.054422            0.015078            1
100           195.301833           156.674702            118.486199            0.054464            0.015062            1
101           195.447748           156.677801            118.484150            0.054508            0.015051            1
102           195.477818           156.661626            118.471030            0.054491            0.015055            1
103           195.474359           156.625432            118.449454            0.054418            0.015074            1
104           195.436797           156.600010            118.431328            0.054353            0.015083            1
105           195.456723           156.582677            118.425866            0.054309            0.015082            1
106           195.506819           156.601618            118.423830            0.054333            0.015082            1
107           195.502630           156.604578            118.416503            0.054272            0.015095            1
108           195.539388           156.635530            118.392049            0.054283            0.015088            1
109           195.600640           156.655479            118.396656            0.054348            0.015061            1
110           195.610287           156.665020            118.390812            0.054358            0.015046            1
111           195.605096           156.662957            118.394576            0.054345            0.015052            1
112           195.756972           156.691343            118.392174            0.054422            0.015023            1
113           195.878830           156.712793            118.396410            0.054507            0.014994            1
114           196.004595           156.779641            118.435250            0.054630            0.014966            1
115           196.049248           156.846998            118.444099            0.054723            0.014938            1
116           196.384440           156.875066            118.415655            0.054798            0.014890            1
117           196.502293           156.851460            118.419820            0.054814            0.014864            1
118           196.511046           156.836108            118.427029            0.054791            0.014867            1
119           196.457041           156.842810            118.446954            0.054773            0.014881            1
120           196.203812           156.836577            118.541343            0.054707            0.014929            1
121           196.233913           156.822242            118.496515            0.054635            0.014944            1
122           196.098796           156.797033            118.528883            0.054517            0.014987            1
123           195.856370           156.742324            118.494108            0.054235            0.015057            1
124           195.519663           156.715854            118.533540            0.054145            0.015088            1
125           195.344759           156.695701            118.509455            0.054028            0.015117            1
126           195.345140           156.717985            118.501123            0.054038            0.015121            1
127           195.290580           156.754772            118.490672            0.054063            0.015122            1
128           195.209482           156.748894            118.463573            0.053951            0.015153            1
129           195.158474           156.741094            118.441792            0.053903            0.015166            1
130           195.177651           156.757812            118.440926            0.053950            0.015152            1
131           195.141955           156.767215            118.443923            0.053990            0.015139            1
132           195.126982           156.789255            118.438773            0.054069            0.015113            1
133           195.177806           156.799239            118.463220            0.054160            0.015083            1
134           195.145367           156.813714            118.479362            0.054184            0.015080            1
135           195.175061           156.802996            118.464173            0.054191            0.015066            1
136           195.233209           156.806054            118.472401            0.054246            0.015044            1
137           195.358543           156.806472            118.493412            0.054356            0.015003            1
138           195.411926           156.790416            118.469628            0.054315            0.015000            1
139           195.396479           156.798917            118.470697            0.054305            0.015004            1
140           195.366955           156.799914            118.475938            0.054261            0.015017            1
141           195.434878           156.785915            118.481675            0.054311            0.015001            1
142           195.509173           156.772185            118.467975            0.054306            0.014991            1
143           195.514893           156.775184            118.471949            0.054305            0.014992            1
144           195.508818           156.770876            118.464487            0.054274            0.014998            1
145           195.525961           156.754927            118.452893            0.054237            0.015001            1
146           195.538852           156.745023            118.445996            0.054226            0.014998            1
147           195.554178           156.733603            118.439923            0.054217            0.014994            1
148           195.564419           156.746856            118.447703            0.054243            0.014991            1
149           195.580822           156.747442            118.444929            0.054253            0.014985            1
150           195.600561           156.764873            118.459531            0.054254            0.014994            1
151           195.611498           156.775527            118.469632            0.054262            0.014996            1
152           195.620480           156.760333            118.460318            0.054232            0.014998            1
153           195.632436           156.744580            118.455831            0.054180            0.015005            1
154           195.713299           156.732575            118.458007            0.054148            0.015010            1
155           195.621401           156.700313            118.446127            0.054047            0.015025            1
156           195.618324           156.685938            118.433263            0.054040            0.015014            1
157           195.633078           156.706878            118.455179            0.054058            0.015016            1
158           195.708845           156.720837            118.465950            0.054096            0.015008            1
159           195.704842           156.704704            118.461506            0.054093            0.014997            1
160           195.726266           156.743646            118.507031            0.054160            0.014992            1
161           195.793526           156.736867            118.484619            0.054145            0.014989            1
162           195.757052           156.769157            118.551520            0.054222            0.014982            1
163           195.697383           156.769042            118.574430            0.054216            0.014987            1
164           195.697640           156.791007            118.587539            0.054250            0.014981            1
165           195.553346           156.833223            118.640052            0.054341            0.014971            1
166           195.532048           156.845039            118.663823            0.054367            0.014967            1
167           195.444181           156.885219            118.713391            0.054468            0.014958            1
168           195.390824           156.935341            118.766325            0.054596            0.014942            1
169           195.357126           156.990417            118.821280            0.054743            0.014919            1
170           195.288622           157.014627            118.864043            0.054757            0.014938            1
171           195.271914           157.039173            118.889494            0.054835            0.014922            1
172           195.284073           157.068842            118.902494            0.054917            0.014898            1
173           195.267072           157.090212            118.911363            0.055029            0.014868            1
174           195.250348           157.118052            118.915414            0.055132            0.014840            1
175           195.233665           157.171686            118.956810            0.055298            0.014810            1
176           195.186332           157.196758            118.964663            0.055345            0.014805            1
177           195.047492           157.294950            119.042490            0.055500            0.014793            1
178           195.044470           157.297622            119.039285            0.055560            0.014773            1
179           195.085699           157.251496            118.990340            0.055554            0.014762            1
180           195.020498           157.274236            119.006437            0.055611            0.014755            1
181           195.088829           157.307074            119.021257            0.055731            0.014723            1
182           195.078966           157.321870            119.028280            0.055774            0.014713            1
183           195.128899           157.332350            119.027559            0.055816            0.014696            1
184           195.207464           157.329402            119.016157            0.055850            0.014682            1
185           195.268050           157.342988            119.021206            0.055915            0.014661            1
186           195.313270           157.318627            119.012508            0.055932            0.014654            1
187           195.401179           157.309335            118.994405            0.055953            0.014641            1
188           195.514185           157.294813            119.004666            0.055983            0.014622            1
189           195.521926           157.330651            119.028205            0.056083            0.014601            1
190           195.537897           157.346554            119.037738            0.056141            0.014586            1
191           195.587413           157.302285            118.995535            0.056121            0.014578            1
192           195.681059           157.316230            119.014999            0.056167            0.014564            1
193           195.751858           157.314487            119.008216            0.056186            0.014552            1
194           195.819370           157.311881            118.998788            0.056204            0.014543            1
195           195.787157           157.319453            119.009132            0.056214            0.014542            1
196           195.917708           157.310785            119.008301            0.056247            0.014522            1
197           195.985521           157.307201            118.999140            0.056261            0.014505            1
198           196.028117           157.295575            118.981578            0.056261            0.014494            1
199           196.052651           157.294672            118.985173            0.056270            0.014487            1
200           196.131416           157.272803            118.962897            0.056253            0.014478            1
201           196.157546           157.271967            118.958279            0.056262            0.014471            1
202           196.189847           157.264231            118.956150            0.056257            0.014465            1
203           196.272114           157.242048            118.929903            0.056258            0.014443            1
204           196.233012           157.241066            118.934243            0.056257            0.014440            1
205           196.205477           157.249318            118.953777            0.056278            0.014436            1
206           196.199507           157.265743            118.973690            0.056267            0.014447            1
207           196.153703           157.299429            119.009983            0.056269            0.014465            1
208           196.228083           157.305500            119.007222            0.056264            0.014467            1
209           196.131795           157.326804            119.029325            0.056268            0.014481            1
210           196.120190           157.357609            119.062616            0.056279            0.014499            1
211           196.261508           157.351249            119.056350            0.056280            0.014494            1
212           196.253685           157.376091            119.057483            0.056293            0.014497            1
213           196.227589           157.394167            119.061733            0.056294            0.014502            1
214           196.195211           157.395684            119.053344            0.056292            0.014493            1
215           196.259393           157.387641            119.050583            0.056314            0.014472            1
216           196.251175           157.357088            119.040674            0.056305            0.014453            1
217           196.188718           157.358471            119.037958            0.056317            0.014443            1
218           196.219393           157.323280            118.959984            0.056315            0.014434            1
219           196.156398           157.347037            119.019015            0.056356            0.014432            1
220           196.127639           157.354417            119.033982            0.056394            0.014415            1
221           196.185014           157.290891            118.909583            0.056367            0.014385            1
222           196.281080           157.252479            118.824742            0.056360            0.014355            1
223           196.287116           157.230686            118.819069            0.056382            0.014338            1
224           196.362508           157.218596            118.793039            0.056375            0.014326            1
225           196.434536           157.240046            118.786315            0.056379            0.014315            1
226           196.409084           157.235893            118.789634            0.056382            0.014312            1
227           196.436842           157.232788            118.745089            0.056347            0.014308            1
228           196.614661           157.209794            118.675744            0.056332            0.014278            1
229           196.706558           157.200424            118.673391            0.056356            0.014267            1
230           196.931078           157.193100            118.621256            0.056364            0.014243            1
231           196.984354           157.195224            118.626328            0.056414            0.014231            1
232           197.103567           157.167043            118.609621            0.056420            0.014215            1
233           197.150480           157.173878            118.630352            0.056436            0.014206            1
234           197.246341           157.156892            118.614286            0.056434            0.014196            1
235           197.366883           157.124414            118.595668            0.056391            0.014188            1
236           197.497731           157.103985            118.580114            0.056363            0.014181            1
237           197.605906           157.076170            118.562144            0.056333            0.014173            1
238           197.513843           157.050621            118.582389            0.056276            0.014192            1
239           197.517298           157.034177            118.566978            0.056266            0.014189            1
240           197.359051           157.009259            118.557191            0.056236            0.014194            1
241           197.407920           156.967851            118.518533            0.056210            0.014176            1
242           197.467222           156.983342            118.538029            0.056226            0.014165            1
243           197.595936           156.988286            118.540962            0.056207            0.014164            1
244           197.708050           156.997661            118.541833            0.056202            0.014165            1
245           197.818429           156.989244            118.540235            0.056182            0.014165            1
246           197.927500           156.993828            118.544759            0.056178            0.014164            1
247           197.936215           156.997876            118.554632            0.056182            0.014165            1
248           197.887949           156.985313            118.539401            0.056128            0.014176            1
249           197.795892           156.987160            118.530458            0.056108            0.014183            1
250           197.820152           156.965783            118.513407            0.056060            0.014180            1
251           197.744882           156.963453            118.501182            0.056057            0.014175            1
252           197.710945           156.975094            118.498587            0.056054            0.014181            1
253           197.717753           156.980564            118.491257            0.056046            0.014182            1
254           197.673942           156.997495            118.490293            0.056049            0.014187            1
255           197.679152           157.000939            118.490469            0.056037            0.014191            1
256           197.731819           157.003615            118.492902            0.056033            0.014186            1
257           197.707234           156.997691            118.482481            0.056011            0.014186            1
258           197.592576           157.001692            118.451486            0.055974            0.014192            1
259           197.546569           156.997296            118.434972            0.055938            0.014197            1
260           197.581575           157.004304            118.419999            0.055904            0.014197            1
261           197.581871           157.019239            118.426312            0.055922            0.014192            1
262           197.576815           157.035300            118.422286            0.055936            0.014190            1
263           197.644697           156.913111            118.106919            0.055793            0.014181            1
264           197.806402           156.806878            117.942698            0.055685            0.014167            1
265           197.943455           156.766667            117.881392            0.055637            0.014166            1
266           197.802622           156.813895            117.931664            0.055707            0.014161            1
267           197.730519           156.769089            117.879185            0.055667            0.014162            1
268           197.624261           156.807486            117.940634            0.055720            0.014165            1
269           197.535613           156.771261            117.904750            0.055667            0.014169            1
270           197.438776           156.758997            117.883960            0.055649            0.014170            1
271           197.496867           156.739173            117.843229            0.055660            0.014163            1
272           197.551002           156.734824            117.818865            0.055655            0.014159            1
273           197.576221           156.729556            117.824375            0.055654            0.014159            1
274           197.629915           156.764754            117.864602            0.055693            0.014155            1
275           197.553195           156.859463            117.989958            0.055835            0.014150            1
276           197.544969           156.868484            118.006236            0.055871            0.014143            1
277           197.549886           156.874122            118.017596            0.055896            0.014137            1
278           197.481736           156.935099            118.086110            0.055976            0.014134            1
279           197.520115           156.934620            118.066676            0.055969            0.014130            1
280           197.492324           156.969750            118.113493            0.056030            0.014126            1
281           197.511067           156.962443            118.117583            0.056041            0.014121            1
282           197.525861           156.951136            118.108731            0.056027            0.014118            1
283           197.532271           156.956430            118.122282            0.056037            0.014117            1
284           197.542371           156.962626            118.138088            0.056050            0.014114            1
285           197.506439           156.990348            118.182577            0.056079            0.014115            1
286           197.539165           156.985765            118.202107            0.056088            0.014111            1
287           197.612385           156.965061            118.186014            0.056062            0.014107            1
288           197.621015           156.957344            118.194656            0.056049            0.014109            1
289           197.639275           156.954265            118.199968            0.056046            0.014107            1
290           197.666259           156.937948            118.182156            0.056013            0.014108            1
291           197.657671           156.949811            118.207446            0.056034            0.014106            1
292           197.685246           156.936469            118.194596            0.056022            0.014104            1
293           197.710923           156.922381            118.190945            0.056016            0.014100            1
294           197.703879           156.925047            118.195022            0.056019            0.014101            1
295           197.710585           156.922456            118.202092            0.056019            0.014099            1
296           197.730264           156.909825            118.191586            0.056006            0.014098            1
297           197.705218           156.904779            118.192382            0.056002            0.014097            1
298           197.663231           156.915623            118.212422            0.056019            0.014096            1
299           197.584635           156.906525            118.223823            0.056006            0.014096            1
300           197.558286           156.889413            118.212946            0.055987            0.014095            1
301           197.513356           156.891733            118.218637            0.055991            0.014095            1
302           197.475050           156.882033            118.220965            0.055981            0.014094            1
303           197.446048           156.876265            118.217705            0.055974            0.014095            1
304           197.397433           156.873928            118.223989            0.055970            0.014096            1
305           197.346528           156.914926            118.254063            0.056022            0.014098            1
306           197.273652           156.945917            118.283614            0.056049            0.014100            1
307           197.220701           156.961213            118.295553            0.056063            0.014107            1
308           197.151565           156.993315            118.318178            0.056100            0.014107            1
309           197.059054           157.020300            118.348709            0.056133            0.014111            1
310           197.066188           157.034068            118.340348            0.056143            0.014109            1
311           197.064445           157.033667            118.332968            0.056114            0.014122            1
312           197.056528           157.045470            118.329469            0.056119            0.014126            1
313           197.039453           157.065596            118.344957            0.056163            0.014121            1
314           197.072321           157.067586            118.337250            0.056169            0.014118            1
315           197.045740           157.089027            118.352803            0.056206            0.014115            1
316           196.994110           157.088678            118.350076            0.056191            0.014122            1
317           196.952368           157.095684            118.353994            0.056200            0.014123            1
318           196.912252           157.090728            118.350984            0.056193            0.014124            1
319           196.932673           157.075171            118.342823            0.056196            0.014114            1
320           196.968140           157.067136            118.338385            0.056202            0.014104            1
321           196.906515           157.071087            118.349696            0.056209            0.014105            1
322           196.846146           157.051427            118.363094            0.056186            0.014110            1
323           196.799591           157.055612            118.374972            0.056206            0.014102            1
324           196.755706           157.040269            118.389794            0.056204            0.014097            1
325           196.727264           157.039517            118.398438            0.056221            0.014089            1
326           196.653077           157.022275            118.427051            0.056234            0.014081            1
327           196.606642           157.028634            118.454275            0.056281            0.014068            1
328           196.710112           156.965760            118.346072            0.056242            0.014053            1
329           196.769697           156.938418            118.301631            0.056217            0.014048            1
330           196.847310           156.913842            118.266208            0.056187            0.014042            1
331           196.901251           156.894332            118.251017            0.056189            0.014031            1
332           196.968078           156.872318            118.227989            0.056178            0.014023            1
333           197.114576           156.838822            118.205272            0.056157            0.014014            1
334           197.240866           156.826275            118.219465            0.056187            0.013994            1
335           197.354341           156.820044            118.225919            0.056231            0.013975            1
336           197.420472           156.797453            118.196348            0.056190            0.013971            1
337           197.498441           156.789765            118.191302            0.056198            0.013963            1
338           197.514547           156.776154            118.179349            0.056179            0.013963            1
339           197.561777           156.773795            118.197397            0.056213            0.013953            1
340           197.578373           156.750185            118.185741            0.056172            0.013962            1
341           197.589781           156.718194            118.166723            0.056156            0.013955            1
342           197.585839           156.704653            118.146541            0.056171            0.013940            1
343           197.631335           156.694584            118.122838            0.056182            0.013923            1
344           197.663358           156.685963            118.105656            0.056194            0.013912            1
345           197.675562           156.681474            118.095423            0.056214            0.013898            1
346           197.704525           156.665763            118.077073            0.056222            0.013885            1
347           197.692155           156.664610            118.060983            0.056227            0.013875            1
348           197.660107           156.673188            118.061838            0.056242            0.013871            1
349           197.673419           156.670268            118.060977            0.056259            0.013865            1
350           197.676915           156.651241            118.042920            0.056249            0.013860            1
351           197.664597           156.651576            118.040633            0.056264            0.013855            1
352           197.631555           156.652098            118.037588            0.056269            0.013855            1
353           197.630764           156.651458            118.030002            0.056276            0.013848            1
354           197.614469           156.642068            118.022226            0.056249            0.013853            1
355           197.589201           156.641977            118.020303            0.056255            0.013851            1
356           197.573737           156.621270            117.999281            0.056216            0.013851            1
357           197.527483           156.609316            117.979218            0.056181            0.013854            1
358           197.438479           156.610599            117.978567            0.056178            0.013857            1
359           197.409214           156.606992            117.968460            0.056159            0.013861            1
360           197.378489           156.613148            117.961079            0.056153            0.013861            1
361           197.336394           156.611811            117.955930            0.056143            0.013863            1
362           197.319471           156.615846            117.947552            0.056136            0.013865            1
363           197.292048           156.614151            117.945476            0.056127            0.013867            1
364           197.239215           156.604488            117.933336            0.056100            0.013874            1
365           197.238997           156.599276            117.911366            0.056067            0.013873            1
366           197.221832           156.604284            117.895520            0.056042            0.013873            1
367           197.219218           156.603681            117.872299            0.056008            0.013872            1
368           197.201713           156.613505            117.862979            0.055992            0.013876            1
369           197.210976           156.601333            117.842930            0.055965            0.013877            1
370           197.215274           156.602539            117.836433            0.055943            0.013879            1
371           197.200324           156.604291            117.826408            0.055896            0.013889            1
372           197.175121           156.612928            117.826490            0.055872            0.013896            1
373           197.156049           156.616857            117.818350            0.055858            0.013901            1
374           197.153110           156.620840            117.814505            0.055832            0.013906            1
375           197.150837           156.606577            117.764810            0.055790            0.013905            1
376           197.123203           156.594741            117.729858            0.055759            0.013907            1
377           197.132877           156.597752            117.710998            0.055729            0.013908            1
378           197.118978           156.593153            117.680481            0.055698            0.013910            1
379           197.088137           156.583664            117.646149            0.055659            0.013914            1
380           197.065459           156.592852            117.622802            0.055626            0.013919            1
381           197.086654           156.594083            117.598357            0.055605            0.013917            1
382           197.111078           156.593338            117.578419            0.055587            0.013918            1
383           197.141372           156.592536            117.565364            0.055573            0.013919            1
384           197.150928           156.588906            117.571470            0.055572            0.013921            1
385           197.181024           156.571927            117.560417            0.055537            0.013924            1
386           197.194367           156.564714            117.556038            0.055534            0.013925            1
387           197.223298           156.552346            117.525258            0.055486            0.013926            1
388           197.234514           156.547810            117.522541            0.055490            0.013925            1
389           197.278686           156.527697            117.494564            0.055443            0.013925            1
390           197.298086           156.528768            117.485290            0.055440            0.013924            1
391           197.330033           156.517754            117.471916            0.055428            0.013924            1
392           197.367205           156.518452            117.465656            0.055423            0.013923            1
393           197.388956           156.505246            117.457234            0.055414            0.013922            1
394           197.440795           156.489453            117.467029            0.055417            0.013918            1
395           197.469045           156.487808            117.472615            0.055422            0.013916            1
396           197.508267           156.476244            117.481039            0.055431            0.013911            1
397           197.539709           156.474918            117.472783            0.055438            0.013907            1
398           197.598070           156.464939            117.460574            0.055441            0.013900            1
399           197.589230           156.447044            117.491673            0.055470            0.013898            1
400           197.589281           156.440072            117.496933            0.055474            0.013898            1
401           197.600876           156.435381            117.478267            0.055458            0.013898            1
402           197.598242           156.431627            117.459652            0.055436            0.013901            1
403           197.609346           156.428871            117.444524            0.055422            0.013902            1
404           197.632670           156.420065            117.416846            0.055392            0.013900            1
405           197.655563           156.399539            117.388663            0.055341            0.013902            1
406           197.671965           156.391158            117.373260            0.055309            0.013904            1
407           197.689723           156.373045            117.349074            0.055268            0.013905            1
408           197.696865           156.356477            117.318252            0.055217            0.013910            1
409           197.662863           156.347537            117.297923            0.055169            0.013922            1
410           197.656133           156.335497            117.277495            0.055137            0.013927            1
411           197.649414           156.324033            117.260534            0.055108            0.013932            1
412           197.675329           156.323535            117.254266            0.055099            0.013933            1
413           197.650995           156.334317            117.245539            0.055085            0.013941            1
414           197.645081           156.317852            117.223672            0.055035            0.013950            1
415           197.641828           156.308542            117.207777            0.055004            0.013957            1
416           197.624050           156.298027            117.192616            0.054964            0.013967            1
417           197.608724           156.305224            117.190691            0.054967            0.013969            1
418           197.582792           156.300166            117.178298            0.054934            0.013979            1
419           197.566968           156.308329            117.174340            0.054932            0.013982            1
420           197.546018           156.310921            117.174516            0.054916            0.013989            1
421           197.519347           156.310126            117.176852            0.054898            0.013997            1
422           197.516101           156.304070            117.173578            0.054881            0.014000            1
423           197.468921           156.313011            117.171376            0.054870            0.014008            1
424           197.450107           156.324246            117.177243            0.054880            0.014011            1
425           197.417442           156.334238            117.178843            0.054871            0.014016            1
426           197.419208           156.335601            117.182840            0.054864            0.014019            1
427           197.411045           156.334083            117.180041            0.054855            0.014021            1
428           197.371203           156.360493            117.182237            0.054867            0.014025            1
429           197.326324           156.379936            117.182343            0.054880            0.014027            1
430           197.313007           156.390308            117.190408            0.054894            0.014027            1
431           197.274006           156.404683            117.192838            0.054902            0.014030            1
432           197.257786           156.421193            117.199797            0.054913            0.014032            1
433           197.251599           156.428070            117.196910            0.054909            0.014033            1
434           197.256823           156.437863            117.203575            0.054928            0.014029            1
435           197.272222           156.440846            117.207281            0.054943            0.014023            1
436           197.269542           156.447312            117.214333            0.054968            0.014017            1
437           197.290772           156.455862            117.226699            0.054996            0.014011            1
438           197.265927           156.470867            117.237357            0.055008            0.014014            1
439           197.299403           156.480775            117.252584            0.055032            0.014008            1
440           197.307180           156.493543            117.267913            0.055070            0.014003            1
441           197.340614           156.494201            117.267565            0.055093            0.013995            1
442           197.401863           156.485910            117.266019            0.055111            0.013986            1
443           197.467032           156.483303            117.290828            0.055136            0.013976            1
444           197.510067           156.489141            117.300523            0.055157            0.013968            1
445           197.564899           156.496478            117.318318            0.055185            0.013960            1
446           197.575120           156.504943            117.334117            0.055197            0.013960            1
447           197.554965           156.521865            117.350108            0.055208            0.013963            1
448           197.554754           156.532864            117.362347            0.055217            0.013965            1
449           197.548706           156.549535            117.370765            0.055223            0.013969            1
450           197.524548           156.572638            117.393159            0.055237            0.013971            1
451           197.485799           156.599938            117.411248            0.055236            0.013983            1
452           197.462597           156.607314            117.412529            0.055231            0.013988            1
453           197.437825           156.627520            117.431142            0.055241            0.013993            1
454           197.417729           156.630928            117.444836            0.055232            0.014000            1
455           197.408186           156.655730            117.460659            0.055222            0.014010            1
456           197.384792           156.671137            117.483666            0.055235            0.014014            1
457           197.358563           156.686967            117.508921            0.055250            0.014017            1
458           197.332146           156.701037            117.527107            0.055258            0.014022            1
459           197.316751           156.696092            117.542931            0.055255            0.014028            1
460           197.315356           156.694857            117.554950            0.055252            0.014030            1
461           197.313441           156.672727            117.555380            0.055252            0.014029            1
462           197.310886           156.679320            117.563050            0.055249            0.014031            1
463           197.299762           156.685254            117.585409            0.055262            0.014032            1
464           197.285337           156.688067            117.606210            0.055270            0.014034            1
465           197.271116           156.689473            117.618965            0.055264            0.014037            1
466           197.269161           156.680189            117.642341            0.055274            0.014035            1
467           197.267731           156.655393            117.644942            0.055267            0.014034            1
468           197.267225           156.648637            117.662495            0.055274            0.014034            1
469           197.238612           156.674240            117.708373            0.055294            0.014033            1
470           197.245212           156.647262            117.678342            0.055273            0.014030            1
471           197.254693           156.622724            117.657609            0.055254            0.014027            1
472           197.265896           156.608132            117.651325            0.055239            0.014024            1
473           197.278852           156.593034            117.632574            0.055224            0.014021            1
474           197.288080           156.581211            117.625861            0.055227            0.014016            1
475           197.314646           156.558240            117.604312            0.055205            0.014012            1
476           197.326850           156.538888            117.579431            0.055181            0.014010            1
477           197.362738           156.505791            117.548356            0.055151            0.014004            1
478           197.386656           156.485776            117.520265            0.055129            0.014000            1
479           197.405001           156.473405            117.487230            0.055106            0.013996            1
480           197.415287           156.457126            117.454267            0.055077            0.013995            1
481           197.435419           156.435357            117.423347            0.055045            0.013993            1
482           197.446757           156.419720            117.393577            0.055024            0.013991            1
483           197.465331           156.399412            117.342612            0.054982            0.013991            1
484           197.487711           156.368787            117.328343            0.054948            0.013990            1
485           197.517529           156.326723            117.301871            0.054904            0.013988            1
486           197.556801           156.279325            117.258710            0.054843            0.013985            1
487           197.607845           156.249504            117.238206            0.054808            0.013979            1
488           197.689678           156.213758            117.201054            0.054779            0.013967            1
489           197.762165           156.188352            117.170874            0.054754            0.013958            1
490           197.848788           156.146723            117.132956            0.054720            0.013947            1
491           197.905249           156.113582            117.104403            0.054686            0.013941            1
492           197.954992           156.077043            117.085362            0.054644            0.013937            1
493           198.007745           156.041909            117.052463            0.054597            0.013933            1
494           198.069366           156.016494            117.018327            0.054566            0.013923            1
495           198.114001           155.981416            116.999388            0.054537            0.013915            1
496           198.175291           155.937313            116.977873            0.054504            0.013909            1
497           198.225468           155.910054            116.968442            0.054484            0.013903            1
498           198.256112           155.891895            116.950846            0.054462            0.013902            1
499           198.329394           155.857386            116.907694            0.054419            0.013896            1
500           198.418972           155.811710            116.864669            0.054364            0.013890            1
501           198.448723           155.797424            116.862530            0.054346            0.013890            1
502           198.492973           155.799403            116.840097            0.054326            0.013887            1
503           198.526195           155.791348            116.830521            0.054323            0.013881            1
504           198.553825           155.777334            116.831068            0.054313            0.013880            1
505           198.570359           155.773165            116.821073            0.054308            0.013878            1
506           198.575490           155.767805            116.827291            0.054310            0.013876            1
