344           490.873492           362.551072            291.323305            0.041420            0.009722            72            233.052661            748.694323            358.369976            366.732167            287.130359            295.516251            -0.015506            0.098346            -0.004817            0.024261
345           498.591954           363.407043            293.725345            0.021161            0.003104            19            290.844537            706.339371            358.690393            368.123694            289.505321            297.945368            -0.002052            0.044375            0.001561            0.004647
346           435.161122           362.978879            293.922411            0.019818            0.003079            14            323.281492            547.040751            358.910034            367.047723            290.155804            297.689018            0.006364            0.033273            0.002963            0.003196
347           439.966927           363.664027            295.067718            0.019570            0.003100            10            348.134829            531.799026            360.090858            367.237196            291.564208            298.571228            0.010992            0.028147            0.002993            0.003206
348           430.560177           363.413163            295.056137            0.019463            0.003080            6            362.129239            498.991115            360.099627            366.726698            291.750376            298.361899            0.018372            0.020553            0.002983            0.003178
349           436.438298           363.315408            295.212079            0.019625            0.003061            4            388.559325            484.317272            360.203743            366.427074            292.110625            298.313534            0.018665            0.020586            0.002971            0.003152
350           437.159525           363.562447            295.498781            0.019776            0.003053            4            388.289989            486.029061            360.576342            366.548552            292.544582            298.452981            0.018859            0.020694            0.002965            0.003142
351           440.548469           363.829394            295.827002            0.019830            0.003052            4            384.176313            496.920624            360.867253            366.791535            292.943972            298.710033            0.018962            0.020699            0.002965            0.003140
352           438.821465           363.410345            295.563507            0.019790            0.003046            4            389.105023            488.537906            360.565809            366.254881            292.754336            298.372677            0.018927            0.020653            0.002961            0.003132
353           500.035233           363.253138            295.252397            0.020013            0.003002            1            476.996925            523.073542            360.587523            365.918752            292.588022            297.916772            0.019188            0.020838            0.002928            0.003076
354           497.440988           362.617414            294.997388            0.020253            0.002965            1            476.961961            517.920014            360.111165            365.123663            292.439916            297.554859            0.019464            0.021042            0.002894            0.003036
355           494.192826           362.423625            295.078707            0.020336            0.002951            1            474.133094            514.252558            360.009725            364.837524            292.627101            297.530312            0.019573            0.021099            0.002883            0.003020
356           493.687448           362.666744            295.459438            0.020309            0.002963            1            473.755204            513.619692            360.276943            365.056545            293.060283            297.858593            0.019555            0.021064            0.002896            0.003031
357           489.159594           362.038676            295.088495            0.020176            0.002963            1            469.700034            508.619155            359.697744            364.379608            292.747890            297.429101            0.019452            0.020900            0.002898            0.003029
358           487.671281           361.514710            294.970009            0.020172            0.002956            1            468.866941            506.475620            359.220210            363.809210            292.676428            297.263591            0.019466            0.020878            0.002892            0.003020
359           487.939748           361.258750            294.844758            0.020085            0.002959            1            469.475145            506.404352            359.013369            363.504130            292.593775            297.095742            0.019403            0.020767            0.002896            0.003021
360           484.123954           360.829365            294.561316            0.020060            0.002951            1            466.006905            502.241002            358.612945            363.045785            292.338604            296.784029            0.019396            0.020724            0.002890            0.003012
361           479.795680           360.301476            294.175708            0.019982            0.002945            1            462.023225            497.568136            358.130070            362.472883            292.006067            296.345350            0.019344            0.020620            0.002886            0.003005
362           476.951520           359.932648            293.666264            0.019901            0.002942            1            459.504483            494.398558            357.800755            362.064540            291.552995            295.779534            0.019284            0.020518            0.002883            0.003000
363           470.080485           359.472948            293.029121            0.019866            0.002932            1            453.165585            486.995386            357.379098            361.566797            290.978502            295.079741            0.019271            0.020462            0.002875            0.002990
364           470.923303           359.375328            292.986261            0.019815            0.002934            1            454.241461            487.605146            357.296305            361.454351            290.948097            295.024425            0.019226            0.020405            0.002876            0.002991
365           464.651385           359.145806            292.540648            0.019811            0.002927            1            448.327969            480.974801            357.098634            361.192979            290.528888            294.552407            0.019234            0.020388            0.002871            0.002984
366           445.689417           357.983336            291.264912            0.019822            0.002887            1            431.015672            460.363161            355.972622            359.994049            289.286682            293.243143            0.019257            0.020388            0.002832            0.002942
367           436.103824           356.989858            290.100952            0.019690            0.002868            1            422.859539            449.348109            355.022160            358.957556            288.164998            292.036906            0.019142            0.020238            0.002815            0.002921
368           435.825487           357.039290            290.157337            0.019682            0.002871            1            422.585875            449.065099            355.072692            359.005888            288.222127            292.092548            0.019134            0.020229            0.002818            0.002923
369           440.495569           356.683757            289.623234            0.019701            0.002852            1            428.150723            452.840414            354.751574            358.615940            287.718514            291.527954            0.019165            0.020237            0.002801            0.002903
370           441.398933           356.373253            289.260181            0.019773            0.002834            1            429.701968            453.095898            354.494091            358.252415            287.382954            291.137409            0.019256            0.020290            0.002785            0.002883
371           435.746366           355.736846            288.647759            0.019631            0.002833            1            424.704473            446.788258            353.895845            357.577848            286.799081            290.496436            0.019126            0.020135            0.002785            0.002880
372           435.753332           355.179478            288.168234            0.019577            0.002825            1            425.012595            446.494068            353.452267            356.906688            286.411272            289.925197            0.019089            0.020066            0.002778            0.002871
373           435.149886           354.451380            287.589708            0.019533            0.002812            1            424.793387            445.506386            352.869268            356.033491            285.948079            289.231337            0.019066            0.020000            0.002767            0.002857
374           440.449347           354.252081            287.453800            0.019390            0.002824            1            430.444735            450.453960            352.752059            355.752104            285.870857            289.036743            0.018937            0.019843            0.002780            0.002868
375           444.640797           354.386016            287.174105            0.019258            0.002832            1            435.010387            454.271208            352.970609            355.801423            285.662720            288.685490            0.018819            0.019697            0.002789            0.002875
376           442.364057           355.020947            287.513758            0.019333            0.002834            1            432.989866            451.738249            353.718891            356.323002            286.087500            288.940017            0.018907            0.019759            0.002791            0.002876
377           441.847776           354.914640            287.554831            0.019338            0.002831            1            432.654389            451.041164            353.745286            356.083993            286.245200            288.864462            0.018926            0.019750            0.002789            0.002873
378           445.316983           353.977616            286.831677            0.019158            0.002825            1            436.447132            454.186835            352.912011            355.043221            285.626315            288.037039            0.018761            0.019555            0.002783            0.002866
379           448.902881           353.493509            286.342134            0.019101            0.002816            1            440.494941            457.310821            352.512524            354.474495            285.195758            287.488511            0.018719            0.019484            0.002776            0.002856
380           448.707845           353.516894            286.338722            0.019099            0.002816            1            440.397228            457.018462            352.549633            354.484155            285.201197            287.476248            0.018718            0.019481            0.002776            0.002856
381           449.325938           353.289556            286.378314            0.019212            0.002810            1            441.278780            457.373096            352.376680            354.202433            285.314427            287.442201            0.018843            0.019580            0.002771            0.002848
382           449.653884           353.229388            286.568875            0.019286            0.002796            1            441.981768            457.325999            352.363428            354.095348            285.534541            287.603209            0.018927            0.019645            0.002758            0.002833
383           454.262863           353.355997            286.903243            0.019309            0.002792            1            446.891503            461.634224            352.539664            354.172329            285.932012            287.874475            0.018963            0.019655            0.002756            0.002829
384           455.471516           353.522287            287.062118            0.019304            0.002797            1            448.254173            462.688858            352.733036            354.311538            286.107407            288.016829            0.018963            0.019645            0.002761            0.002833
385           455.070691           353.445105            287.066939            0.019322            0.002793            1            447.983588            462.157794            352.683793            354.206417            286.154239            287.979638            0.018987            0.019657            0.002757            0.002829
386           450.797371           353.577090            287.363663            0.019513            0.002774            1            444.044006            457.550735            352.833508            354.320672            286.466438            288.260888            0.019186            0.019839            0.002739            0.002809
387           448.430834           353.720088            287.358166            0.019530            0.002767            1            441.836515            455.025153            352.990974            354.449202            286.470863            288.245470            0.019207            0.019852            0.002733            0.002802
388           447.808169           353.707672            287.300574            0.019536            0.002765            1            441.233843            454.382496            352.979641            354.435703            286.416193            288.184955            0.019215            0.019858            0.002731            0.002800
389           448.731654           353.660196            287.371156            0.019478            0.002770            1            442.257008            455.206300            352.938466            354.381927            286.494142            288.248170            0.019158            0.019797            0.002736            0.002805
390           446.710093           353.805749            287.289059            0.019449            0.002776            1            440.294732            453.125454            353.104046            354.507451            286.417675            288.160442            0.019132            0.019765            0.002742            0.002810
391           444.741610           353.945540            287.008068            0.019391            0.002782            1            438.399126            451.084095            353.265720            354.625359            286.155964            287.860172            0.019079            0.019703            0.002748            0.002816
392           444.940659           353.970695            286.965554            0.019398            0.002781            1            438.627154            451.254163            353.293980            354.647410            286.115358            287.815749            0.019087            0.019709            0.002748            0.002815
393           443.883529           353.829872            286.766121            0.019407            0.002779            1            437.608445            450.158614            353.162737            354.497006            285.926215            287.606026            0.019100            0.019715            0.002745            0.002812
394           443.909253           353.794462            286.659429            0.019430            0.002774            1            437.692873            450.125633            353.132912            354.456012            285.824636            287.494222            0.019125            0.019735            0.002741            0.002807
395           443.586960           353.768329            286.547615            0.019423            0.002772            1            437.464748            449.709173            353.109671            354.426986            285.714926            287.380303            0.019121            0.019726            0.002740            0.002804
396           444.531195           353.960213            286.555220            0.019442            0.002775            1            438.434288            450.628102            353.303253            354.617172            285.723747            287.386694            0.019141            0.019743            0.002742            0.002807
397           442.949564           353.969794            286.554970            0.019418            0.002780            1            436.888932            449.010197            353.315860            354.623727            285.724625            287.385315            0.019118            0.019718            0.002747            0.002812
398           441.146808           353.952392            286.550834            0.019400            0.002782            1            435.167216            447.126399            353.304359            354.600425            285.725139            287.376529            0.019101            0.019698            0.002750            0.002814
399           440.998060           353.894265            286.494745            0.019345            0.002787            1            435.136969            446.859150            353.253914            354.534617            285.672776            287.316713            0.019049            0.019642            0.002755            0.002818
400           441.235541           353.932273            286.548431            0.019357            0.002788            1            435.433736            447.037346            353.295638            354.568907            285.727983            287.368878            0.019062            0.019651            0.002756            0.002819
401           439.885146           353.923261            286.533175            0.019358            0.002787            1            434.178329            445.591964            353.291470            354.555053            285.718338            287.348012            0.019064            0.019652            0.002756            0.002818
402           439.681950           354.023513            286.504486            0.019352            0.002788            1            434.024315            445.339586            353.397365            354.649661            285.696301            287.312670            0.019060            0.019644            0.002757            0.002820
403           439.209034           354.247228            286.683382            0.019385            0.002789            1            433.590326            444.827743            353.635024            354.859431            285.901124            287.465640            0.019095            0.019674            0.002758            0.002820
404           439.178363           354.248477            286.662351            0.019386            0.002788            1            433.582986            444.773740            353.643661            354.853292            285.890086            287.434616            0.019099            0.019674            0.002757            0.002819
405           439.141942           354.256754            286.387100            0.019351            0.002789            1            433.572274            444.711610            353.665793            354.847716            285.633244            287.140956            0.019067            0.019635            0.002758            0.002820
406           439.837627           354.404904            286.312890            0.019388            0.002785            1            434.299740            445.375515            353.823350            354.986458            285.577658            287.048122            0.019106            0.019670            0.002754            0.002816
407           439.702392           354.384243            286.414508            0.019427            0.002782            1            434.189021            445.215763            353.810820            354.957666            285.702713            287.126302            0.019149            0.019706            0.002752            0.002812
408           439.069701           354.418326            286.464345            0.019434            0.002782            1            433.583734            444.555668            353.850230            354.986423            285.761656            287.167035            0.019159            0.019709            0.002752            0.002812
409           439.039575           354.398269            286.361664            0.019464            0.002776            1            433.587457            444.491693            353.833479            354.963059            285.674662            287.048667            0.019193            0.019735            0.002746            0.002806
410           439.999282           354.445949            285.972251            0.019517            0.002763            1            434.583824            445.414741            353.886778            355.005121            285.295964            286.648537            0.019249            0.019785            0.002733            0.002793
411           440.548117           354.481815            285.881738            0.019530            0.002760            1            435.159608            445.936626            353.926061            355.037568            285.212391            286.551085            0.019264            0.019795            0.002731            0.002790
412           440.726672           354.480272            285.938125            0.019526            0.002761            1            435.347792            446.105552            353.925566            355.034978            285.271084            286.605166            0.019262            0.019790            0.002732            0.002791
413           440.546019           354.455644            285.948775            0.019510            0.002763            1            435.185381            445.906657            353.904438            355.006850            285.286791            286.610760            0.019247            0.019772            0.002734            0.002792
414           440.697329           354.367890            285.925267            0.019486            0.002764            1            435.348373            446.046285            353.823471            354.912309            285.276105            286.574430            0.019227            0.019746            0.002735            0.002793
415           440.240643           354.311380            285.991196            0.019457            0.002767            1            434.937393            445.543894            353.771264            354.851496            285.348089            286.634303            0.019201            0.019714            0.002738            0.002796
416           439.861231           354.288397            285.886844            0.019460            0.002765            1            434.568372            445.154089            353.749841            354.826953            285.247073            286.526614            0.019205            0.019715            0.002737            0.002794
417           438.491099           354.359992            285.770219            0.019328            0.002777            1            433.299280            443.682917            353.825798            354.894187            285.139320            286.401118            0.019079            0.019576            0.002749            0.002805
418           436.343382           354.298055            285.678088            0.019293            0.002780            1            431.283223            441.403540            353.770203            354.825907            285.060442            286.295733            0.019048            0.019538            0.002752            0.002807
419           433.733618           354.220646            285.607449            0.019239            0.002783            1            429.024383            438.442853            353.703442            354.737849            285.003578            286.211320            0.018998            0.019481            0.002755            0.002810
420           434.832388           354.253639            285.539062            0.019251            0.002782            1            430.165725            439.499051            353.738671            354.768607            284.936803            286.141321            0.019010            0.019492            0.002754            0.002809
421           433.938374           354.315593            285.424105            0.019197            0.002786            1            429.351402            438.525346            353.805656            354.825531            284.830963            286.017246            0.018959            0.019435            0.002759            0.002814
422           433.246937           354.522143            285.415577            0.019193            0.002786            1            428.721661            437.772213            354.020345            355.023940            284.832145            285.999009            0.018957            0.019430            0.002759            0.002814
423           432.666561           354.537665            285.393101            0.019152            0.002788            1            428.192466            437.140655            354.037523            355.037807            284.813097            285.973105            0.018917            0.019387            0.002761            0.002815
424           432.626789           354.549724            285.415973            0.019143            0.002789            1            428.161995            437.091584            354.049707            355.049742            284.836158            285.995788            0.018908            0.019377            0.002762            0.002816
425           432.597162           354.522916            285.387563            0.019116            0.002791            1            428.136233            437.058091            354.023167            355.022665            284.808003            285.967123            0.018882            0.019350            0.002764            0.002818
426           432.410930           354.541779            285.374412            0.019097            0.002793            1            427.957569            436.864290            354.042878            355.040680            284.796158            285.952666            0.018863            0.019331            0.002766            0.002820
427           432.244636           354.533597            285.363720            0.019094            0.002793            1            427.806887            436.682385            354.035464            355.031729            284.786445            285.940995            0.018861            0.019327            0.002767            0.002820
428           431.928145           354.522915            285.356446            0.019089            0.002794            1            427.497262            436.359029            354.024868            355.020962            284.779210            285.933682            0.018857            0.019322            0.002767            0.002821
429           432.018096           354.523286            285.356004            0.019091            0.002794            1            427.588378            436.447814            354.025247            355.021324            284.778770            285.933238            0.018858            0.019323            0.002767            0.002821
430           432.227802           354.543965            285.358105            0.019091            0.002793            1            427.807359            436.648245            354.046113            355.041817            284.781008            285.935202            0.018858            0.019323            0.002766            0.002820
431           432.654102           354.573355            285.386285            0.019100            0.002793            1            428.283549            437.024655            354.076600            355.070110            284.810309            285.962261            0.018868            0.019332            0.002766            0.002820
432           432.657091           354.571304            285.392994            0.019100            0.002793            1            428.287136            437.027045            354.074897            355.067710            284.817482            285.968505            0.018868            0.019332            0.002766            0.002820
433           433.935146           354.597454            285.431287            0.019112            0.002791            1            429.598139            438.272153            354.101367            355.093541            284.856019            286.006556            0.018880            0.019344            0.002764            0.002818
434           434.033227           354.597522            285.419601            0.019109            0.002791            1            429.716087            438.350367            354.101777            355.093267            284.844750            285.994451            0.018878            0.019341            0.002764            0.002818
435           434.145875           354.598380            285.415087            0.019112            0.002791            1            429.847593            438.444157            354.103641            355.093119            284.840899            285.989275            0.018880            0.019343            0.002764            0.002818
436           434.014567           354.597421            285.416324            0.019110            0.002791            1            429.731790            438.297344            354.103053            355.091790            284.842462            285.990187            0.018879            0.019342            0.002765            0.002818
437           433.968393           354.597126            285.402053            0.019106            0.002791            1            429.690938            438.245849            354.102793            355.091459            284.828351            285.975755            0.018875            0.019337            0.002765            0.002818
438           433.836378           354.600903            285.397870            0.019105            0.002792            1            429.567481            438.105275            354.107508            355.094298            284.824452            285.971287            0.018874            0.019336            0.002765            0.002818
439           433.687213           354.590997            285.385544            0.019105            0.002792            1            429.423237            437.951188            354.097865            355.084129            284.812327            285.958761            0.018874            0.019336            0.002765            0.002818
440           433.602801           354.587542            285.385500            0.019105            0.002792            1            429.342232            437.863371            354.094452            355.080632            284.812344            285.958657            0.018874            0.019336            0.002765            0.002818
441           433.477795           354.582229            285.387374            0.019108            0.002792            1            429.219065            437.736526            354.089170            355.075289            284.814332            285.960415            0.018877            0.019339            0.002765            0.002818
