79.479500    80.464464
77.883838    84.837155
83.041580    66.369671
53.640941    71.692078
90.420733    63.899817
91.199910    65.462496
64.325896    65.818218
86.599059    66.009486
72.367152    77.445785
88.811327    67.367271
52.264628    75.774245
93.223208    65.077245
62.177841    63.217526
57.742992    66.136611
87.370518    68.057894
58.898606    99.590650
56.691394    97.133172
99.818869    84.003846
77.632334    81.441734
88.411590    64.144124
93.360863    67.622653
55.641763    69.125343
94.233042    66.194395
92.463601    66.579983
69.428644    64.384630
57.955031    66.084218
70.214402    78.903292
80.517738    77.815302
72.704522    78.260620
87.801096    67.724989
52.074468    76.047508
94.192731    67.290205
86.697245    59.781669
70.706275    58.774080
57.444973    66.223114
69.273692    78.964400
77.850673    80.377545
61.168107    101.450355
91.159877    82.677822
56.442089    93.588032
91.920233    83.003839
55.906651    88.698520
86.863953    67.483533
79.046848    69.087954
69.107714    68.553955
