87.082710    89.348435
95.737743    102.128752
90.994123    97.956064
90.402399    91.958789
90.450735    91.989408
91.388681    98.390557
87.466328    93.744858
90.264676    97.056553
100.541775    105.368358
107.202090    105.696305
81.124670    82.793078
95.792341    94.668054
79.912874    79.980722
86.149154    90.969472
90.258992    91.791172
81.740569    84.009498
103.093465    103.016389
87.238721    93.155314
86.339109    89.633912
93.613265    109.590576
86.402367    89.488286
87.227935    93.085438
92.473495    92.987762
86.890906    89.443038
73.736982    73.758499
79.667896    88.348993
86.057496    90.747509
70.104593    96.457610
89.050024    95.860723
58.854719    87.101994
57.896555    80.294836
57.090385    80.895447
86.994953    92.878841
60.277811    95.696391
56.767124    79.336226
55.939706    75.639572
