86.005506    90.058621
86.021864    89.990068
110.909037    110.237196
99.880001    104.146482
100.628395    104.700579
96.223678    101.493657
109.548408    99.109651
89.825190    86.582369
91.617207    97.776939
81.085647    76.139657
103.531033    106.233667
92.017480    98.045786
64.709825    88.207787
86.235974    90.507569
61.180344    88.332168
91.132028    97.341481
92.627998    94.042749
79.573633    73.113433
86.246235    90.508609
94.449869    107.621116
78.890318    72.481038
83.914917    78.562633
61.677384    87.737803
85.437204    90.029295
59.160790    90.374516
83.603849    91.853815
84.001341    85.621949
