91.558023    91.187365
97.296579    95.780080
84.115845    90.615340
84.093900    91.435302
103.111432    102.139037
91.941210    86.268203
104.101899    102.524021
71.108538    86.141387
59.637688    69.193596
58.865746    71.510293
58.697374    70.672320
92.139168    90.281916
72.503236    86.286568
84.813434    89.895570
95.826931    89.165534
59.939269    66.903862
59.672345    64.986592
94.253319    90.197444
61.052429    62.909473
94.859254    100.194971
72.267815    81.894617
82.525977    98.107474
82.928184    89.143991
85.858154    94.781128
67.803507    79.154172
94.993545    89.665892
85.407144    94.903350
77.235160    104.516228
59.101994    71.977288
86.561236    94.177328
59.931934    76.073221
66.511607    84.816383
100.056545    76.238436
70.386590    86.015172
58.720244    72.785290
66.493914    84.281997
108.441909    91.724834
82.641879    96.106962
59.501403    74.003876
102.073744    73.016657
116.485460    83.722294
100.984734    77.424472
97.331578    84.720213
87.839072    94.176568
59.049161    69.672049
99.195006    77.145098
67.301722    85.616122
85.700411    91.447985
93.502712    93.036226
101.041743    75.879009
84.681834    89.750705
86.025456    89.951570
92.450778    89.858831
62.553689    91.104869
