101.812936    97.899399
110.349446    105.787695
65.591232    70.880448
65.332141    73.653691
65.886797    64.356389
100.326291    104.144845
86.692884    96.908652
98.396234    90.705189
86.146461    96.873657
81.219642    105.714440
87.548553    96.312143
65.947225    78.319398
102.396108    77.550924
63.308598    74.479671
115.202057    93.949012
65.929860    76.257589
104.262017    74.357612
121.092658    85.527054
103.515154    78.493160
100.161708    85.353074
64.778567    71.990961
101.385069    78.254585
86.037953    92.234556
97.436967    94.655710
103.446774    77.057467
95.331246    90.619614
86.802011    80.175376
104.708886    73.068775
66.388010    63.921553
97.042355    75.514818
89.303381    114.877227
66.092362    65.747955
82.539871    101.228093
87.341200    96.823862
74.419076    84.053878
83.205508    85.483146
98.186270    84.986864
98.070586    89.154646
80.778978    91.371054
100.588686    117.947949
113.332748    108.262712
96.489584    76.907354
87.040750    115.831780
96.833722    77.372829
99.210178    102.261103
86.517893    81.179368
97.632803    90.197975
65.567081    67.651934
83.261580    84.668937
81.120873    104.947830
81.676061    101.662249
104.595635    72.510334
78.253153    91.728648
85.449088    90.818175
89.059705    91.076586
110.853313    106.784160
97.500144    72.411151
98.764375    90.155851
74.729302    93.543632
85.100845    91.605565
86.931682    90.902833
97.406463    92.264173
95.967230    75.174658
