88.842948    90.701087
82.822454    90.355184
82.789301    91.558970
83.152742    89.009441
77.190741    87.150557
95.160262    97.555357
64.195105    84.082086
95.986740    98.031869
79.582139    91.540072
89.316617    87.046494
95.295512    78.253446
89.628792    86.833595
95.613394    97.611679
67.975036    85.360222
65.062053    79.995021
53.269783    66.582861
52.828311    68.807743
52.999786    68.042814
89.168947    90.049345
68.678364    85.135731
83.979326    89.261553
92.008790    89.078077
88.162027    78.710567
116.569718    107.135781
54.090692    64.720886
71.809177    103.620368
54.869922    62.881497
90.671567    89.926276
52.641795    91.709993
74.104583    97.508930
55.185157    60.448826
