86.225359    90.357383
113.988314    111.766095
102.752831    105.820461
113.847058    111.715258
99.331038    103.673426
113.102041    100.159369
91.193400    86.279552
93.917239    99.542499
82.151604    77.508890
94.636535    100.132367
68.469524    89.207408
86.140312    90.596805
63.809298    89.171188
93.941598    99.731228
95.707830    95.587668
81.073441    75.004442
86.156823    90.607244
97.098268    109.816578
80.186755    73.786198
84.886190    80.024431
64.711376    88.833156
62.009828    91.174083
84.784251    86.761949
85.897766    90.286675
85.011051    90.482517
