89.624809    90.617342
83.158773    90.237232
83.196775    91.287538
98.104336    98.928342
64.841828    84.140849
99.049906    99.434177
90.125248    86.487403
96.761217    77.687426
90.217388    86.345952
98.798952    99.152771
68.843574    85.411236
54.847549    66.896353
54.612330    69.198212
54.566584    68.447012
89.942008    89.860772
69.905962    85.335232
83.966961    89.169520
92.772439    88.827994
55.570699    64.888547
56.373497    63.042869
91.285218    89.703855
55.889176    61.101953
90.897378    96.876782
70.008631    80.812873
91.334307    96.275650
81.492156    97.902028
68.926204    77.453151
82.033006    88.539315
85.545670    89.428688
85.343944    94.096758
65.203716    77.971265
77.843077    86.898413
92.423514    89.300904
84.668450    91.639565
84.880444    94.329664
