101.626939    98.129580
90.423392    95.564982
88.594852    90.379237
96.855505    101.669406
89.621490    94.895488
90.912546    108.731475
87.011411    96.439705
91.027046    107.779729
93.682306    95.053262
82.230292    90.661963
53.889358    74.843957
81.826189    90.819442
57.040221    74.391059
87.046726    109.280787
84.846293    101.353230
85.319065    108.971995
52.736499    64.056891
59.598975    91.200323
79.598627    98.607702
57.522240    90.978496
79.140397    98.568277
51.711131    69.327977
84.689906    90.037397
51.471890    62.735135
85.319054    94.900803
51.448802    66.149751
117.273851    94.868068
78.186862    98.629625
84.517791    93.884789
86.315267    96.117217
95.383306    95.974376
