108.766937    101.209380
105.122911    105.104115
97.240801    110.801316
64.693779    80.204741
93.124331    111.600598
89.959871    103.547476
91.935445    111.528525
71.553597    92.730545
85.132072    98.087833
69.484470    92.706787
84.859268    97.896434
62.535224    76.097076
60.686622    69.014640
61.060043    72.196779
86.615796    89.904433
86.655374    89.904482
62.769679    77.042196
59.223734    86.919973
60.163717    70.381392
63.384112    78.800731
110.037247    93.730169
