81.934999    86.064291
106.348357    71.387445
110.870028    71.271763
82.738164    88.072969
103.723907    77.348652
77.601509    83.310909
102.592385    79.248600
82.658335    88.082307
81.792901    87.378262
82.105213    85.584097
91.857916    93.683254
91.676306    94.521173
81.368824    86.653488
92.593804    94.598461
81.630536    85.507764
83.053558    86.001298
81.886637    85.675295
95.666739    90.926279
81.690522    88.225828
82.417969    85.827133
82.008011    85.731146
81.950962    85.254432
108.964069    100.839488
84.562877    102.264696
80.436776    93.997373
81.622527    85.469553
81.428447    89.021929
106.982719    103.788636
81.873252    85.567584
79.653829    92.866572
98.257351    108.767863
113.386232    70.487769
81.723022    86.207896
81.776262    85.315150
81.498905    86.126960
89.319550    91.372743
76.518860    97.191961
76.890303    92.631170
67.309191    108.346646
69.442039    99.306223
84.952626    102.716256
