77.442616    83.106706
84.606497    89.988195
90.499748    98.562144
83.450403    90.111990
89.931642    97.872193
87.781809    95.341042
93.292458    97.589517
98.931033    101.897255
86.567130    89.770056
86.487604    89.696564
88.109366    95.855680
90.883800    98.935397
85.884053    88.900200
87.467547    94.955435
74.031320    73.341929
75.432762    80.702146
86.727705    93.760425
89.187514    91.680834
71.166133    72.972740
85.915426    92.474631
74.442727    73.441796
76.312865    94.930960
78.827569    93.524373
104.486532    113.659866
113.541360    103.154057
73.289485    72.910864
87.545333    94.884143
100.185251    104.717737
70.412777    71.462621
84.039701    90.054093
94.613187    102.159101
81.853333    90.275245
99.822157    102.387615
91.051364    99.123355
72.247581    73.027695
75.136281    79.695627
76.689028    91.049784
89.742759    92.055179
114.365708    102.710107
93.242725    101.374096
73.481090    76.684406
68.331924    76.157162
81.325083    90.657984
85.974518    88.480664
65.375748    99.055077
68.907620    76.758410
92.031716    97.455998
71.441622    80.416358
86.198324    89.156173
84.579165    92.260368
85.295539    92.065379
86.806939    89.974610
84.186390    92.428738
76.260676    81.428203
97.270655    100.686709
80.690702    84.661360
85.776267    88.589684
86.196311    92.766482
105.616638    104.169969
86.051553    88.885001
87.333087    106.884466
86.386142    89.493226
83.040050    92.982994
85.888696    88.679438
86.367200    93.109814
87.586153    90.594337
68.735908    90.073489
82.485302    90.140305
67.745144    89.479956
65.460440    70.166630
70.052645    86.911921
85.166513    92.068410
70.145784    89.225815
