85.964586    83.781625
80.806538    81.334512
84.513312    79.494087
82.779999    76.727084
80.387900    75.927569
76.955101    83.333974
79.970398    82.616167
74.968249    83.459509
78.897143    76.642844
86.438410    78.640134
95.681249    76.045278
75.679571    83.512494
83.077423    76.425345
67.638713    91.729336
80.453086    76.002457
86.971193    81.909512
87.824109    84.194243
81.666943    77.913199
86.882451    97.488345
84.369172    77.617570
74.061802    85.241900
76.941162    78.876816
90.259209    77.922519
73.355678    78.429292
86.525063    84.831543
77.535385    79.486861
82.105269    79.660859
86.163361    80.285241
75.669245    87.828516
85.455820    80.595249
73.201546    76.948362
79.229344    82.346866
77.567800    79.827984
80.125797    76.991156
74.878866    75.568875
74.677488    83.211447
73.628982    76.446131
75.256861    77.591833
77.911909    76.905249
74.806873    79.343782
80.898296    79.205397
89.573880    91.707904
87.081262    81.604167
77.499493    76.777270
83.715142    75.958325
81.174481    84.320547
86.926877    88.988364
