70.974533    85.971582
79.511146    87.376827
108.209858    84.088805
85.921521    65.394791
48.862499    70.291437
89.318330    75.068825
96.376322    59.639229
95.778676    63.836014
63.288827    64.185033
57.271126    60.653148
92.524826    60.416030
83.798380    60.137969
66.738005    64.369743
66.467152    70.342464
108.145887    84.391969
92.737559    66.462016
47.224813    75.520518
99.532409    61.867203
60.274033    60.516750
53.143419    62.522958
94.077129    62.955620
84.427123    56.555267
55.422975    105.768629
52.006128    103.090424
107.846056    86.619894
68.755970    86.100060
92.353934    62.340377
66.124831    60.315541
68.215221    76.862482
72.911582    85.001682
98.346822    66.467734
51.763449    67.592692
100.859841    63.380689
97.271995    65.182664
69.453782    62.770550
53.203181    62.490082
61.887892    75.525651
88.526518    72.779095
87.608302    60.928089
69.610016    65.505968
66.432474    71.698255
69.759282    86.113078
91.485560    66.975938
46.591937    75.739397
101.282060    64.516935
90.989065    55.522369
70.933601    55.103219
54.027872    63.852700
60.309420    75.966774
86.016817    75.521425
58.284989    107.921058
100.564285    84.913343
