67.588378    76.045352
67.788930    78.571334
67.533257    69.346780
68.400209    80.417174
67.392892    76.541716
85.908615    90.970304
68.051241    68.590764
90.377308    117.107056
67.470780    70.443603
103.085847    120.362495
115.487653    110.343464
102.518129    105.360620
66.783664    71.024956
82.668836    105.532172
112.807368    108.351141
73.174735    98.099165
72.240898    98.322294
67.067603    72.746827
74.600426    97.354144
90.952823    115.823916
86.720264    102.115676
88.213164    101.076810
