83.207951    79.636474
80.501786    79.390712
80.285649    83.873299
80.652993    79.415228
82.285914    80.015683
80.858907    84.260286
81.150881    84.646515
81.478800    84.954494
79.105503    81.612364
76.310483    82.079940
77.660255    81.597860
81.951501    80.927327
97.680391    95.912523
77.398394    81.526179
95.052439    93.422069
80.052782    93.301385
79.205404    87.246587
79.460934    81.574088
81.629618    81.790753
93.923618    95.391592
84.733788    86.965455
79.175451    86.596617
88.233283    98.847789
99.631058    74.270881
83.892581    80.546127
81.054236    81.043856
80.554309    80.811704
100.347289    86.109330
84.151437    82.131936
79.127673    82.487367
75.783997    91.210973
77.906231    86.917839
