77.745131    82.669053
79.926056    73.285953
69.099991    78.195011
64.206948    91.707380
78.364323    80.048188
83.403292    73.859700
71.008833    73.660867
74.159111    86.364271
82.975697    73.971059
68.188206    79.395531
80.443642    78.224228
70.828063    73.738366
72.611522    78.256162
75.099097    88.532842
69.833333    88.947112
70.170705    87.085046
83.461164    82.207440
84.411670    74.775421
68.642062    76.598565
83.985266    74.374661
72.777386    78.390597
90.310533    89.199387
64.282483    94.393354
72.533350    91.535605
82.470844    73.982256
68.911700    79.720857
79.781143    79.475169
79.840213    75.139969
74.367538    72.295267
69.824624    75.772640
90.224642    88.180809
70.554337    89.915535
71.907700    82.093663
67.621126    86.999062
72.725806    82.032031
66.957032    84.688385
82.159557    73.796361
78.455928    74.197829
79.980133    90.659442
80.920580    90.271957
70.825922    86.335186
66.856081    83.460443
77.423110    85.765787
76.373431    82.325087
56.591057    81.295217
100.982032    66.035722
97.045733    73.375163
67.189111    85.684497
81.062990    77.092927
