80.174381    78.056991
85.876945    82.680747
79.979471    82.390998
72.827800    77.431826
75.869932    83.356917
79.022159    81.317827
82.811886    74.863612
81.722547    82.788069
79.670487    74.618980
74.342762    75.269449
72.448128    84.110676
78.749219    82.033474
70.796022    83.524919
78.917563    74.845052
80.820821    80.398041
89.130824    77.553271
71.286233    83.877609
82.321949    75.409252
66.393394    91.472241
79.690402    74.789986
86.515366    80.689692
71.661347    75.067048
81.542757    82.785457
80.674050    77.158511
84.083946    94.853140
89.690970    93.201792
83.487491    76.690379
73.252858    84.281546
75.304497    78.356883
83.405305    86.850680
75.190822    76.830885
79.341814    83.293982
84.485796    79.234640
71.136975    76.521873
86.510492    83.895431
92.976087    92.451642
75.809926    77.486000
80.866073    79.119283
