77.418805    82.874849
79.567701    73.767244
69.672673    78.544674
64.270288    91.468058
78.426101    79.717981
82.936645    74.107646
70.987363    74.189762
74.517303    85.712209
82.411128    74.340818
68.816136    79.654523
80.342680    78.108510
70.922582    74.236226
73.032704    78.678984
74.255417    85.380604
75.391077    87.633785
70.435237    88.271315
70.965337    86.400416
83.136346    82.168710
97.643088    74.817283
80.472598    89.572021
83.932867    74.996409
68.999986    77.031643
83.510040    74.590484
73.223204    73.261780
73.195227    78.808398
91.012181    89.266451
64.696050    94.006220
72.889749    90.931916
98.667832    73.372992
81.983980    74.374725
69.549049    79.971148
79.807200    79.268235
79.641758    75.178796
74.254563    72.729907
70.175007    76.256710
91.012502    88.271570
62.393583    95.569546
71.045553    89.176346
71.754155    81.932519
68.104305    86.713928
72.689448    81.875528
67.389793    84.658036
81.698318    74.165713
77.992277    74.665606
80.158502    90.755071
80.990590    90.021255
100.923132    65.470160
71.692990    85.618618
67.240636    83.528146
77.452278    85.754637
77.533542    81.597867
56.472858    81.111917
