88.527107    84.475841
83.035949    80.582395
86.855325    78.888061
82.769102    77.737245
80.629538    77.422135
79.163739    83.039976
79.491039    82.776752
77.177106    83.437942
79.224170    77.675323
98.194902    75.634155
77.890797    83.380874
82.982049    77.676618
67.603737    92.562995
80.693925    77.468905
86.492996    82.449364
90.468195    84.884701
81.664398    79.191962
84.131338    78.682513
74.915913    85.380831
78.219191    80.540829
92.712494    77.515359
74.957224    79.644229
86.026073    84.958513
78.760475    81.186419
81.910884    80.712125
85.707005    80.978976
75.770105    88.941055
84.965159    81.309143
74.327455    78.075578
79.231160    83.563628
78.777144    81.365412
80.335113    77.994868
75.759319    76.839969
76.864686    83.325369
74.723346    77.662790
75.922581    78.597433
78.337625    77.934423
76.566813    80.669851
80.938820    80.464565
91.425314    93.083041
86.608028    82.131597
77.968637    77.823062
83.624138    77.066473
83.049118    85.881745
88.810116    90.375788
78.200294    93.629541
77.066154    88.146196
80.912461    77.939651
80.223437    81.867296
88.750880    92.484716
