112.578451    101.721937
99.895471    99.527475
101.483616    111.451062
104.421897    99.367333
67.538521    80.608650
85.692711    97.390611
71.128326    81.142123
96.947833    111.934846
75.397666    91.725999
86.663079    96.612187
73.205183    91.788588
86.381959    96.201351
65.131548    77.313897
63.104015    68.933645
63.632755    72.511076
87.828680    95.165940
91.166405    99.072666
104.041296    99.871371
86.371694    89.865299
86.438813    89.855226
85.140376    96.669209
86.419032    97.419677
86.774921    90.024473
84.479595    96.525425
83.305057    96.554753
66.174818    70.805109
65.475403    78.174959
58.906364    90.546004
86.372466    90.745771
62.531242    86.396807
83.835235    96.323675
89.001720    93.551564
86.390257    90.400687
89.361067    94.171946
62.761301    70.020013
66.262754    79.028359
114.626697    93.564312
82.034981    96.620817
67.160571    70.193079
67.513657    99.739242
64.936282    98.240141
84.582445    92.176341
115.968134    103.060070
67.721363    96.878728
96.687596    111.772603
99.125245    111.913101
56.225772    95.960729
86.971911    89.913551
97.473275    111.797524
108.140694    94.600603
106.271702    99.796004
93.629730    105.381539
