77.610655    83.731419
88.359912    95.767566
85.097379    90.197182
89.166501    96.920867
83.843408    90.340216
88.696937    96.233298
87.159816    93.837043
91.040223    95.725902
96.378786    100.274885
112.951810    100.354384
85.591466    88.901797
85.547323    88.835382
87.392352    94.307595
89.381519    97.124218
85.597553    88.204814
86.962901    93.564909
74.083675    74.276795
75.503174    81.311809
86.526273    92.536680
87.243323    90.509201
71.190237    73.838357
86.100960    91.609321
74.529316    74.413177
76.146856    94.999118
87.272067    88.560433
78.764856    93.623982
101.784728    111.646476
104.476427    112.012130
67.657234    94.479333
102.427960    111.546461
112.953576    100.026878
109.673539    102.511383
73.364180    73.913276
87.002555    93.357550
97.260957    102.943339
70.460150    72.433098
84.477625    90.252188
92.376781    100.104717
82.165665    90.476389
97.020900    100.833930
89.454252    97.114706
67.581280    75.288656
72.247345    73.887097
75.408478    80.569360
76.595660    91.340627
87.808101    90.958427
111.001988    102.195659
91.198453    99.318586
73.715146    77.699628
68.124029    76.637410
81.583761    90.825721
86.140624    88.026085
65.168641    99.072876
68.583011    77.343098
90.063924    95.331854
70.952994    80.683673
86.755530    90.301931
85.130649    91.729553
85.773081    91.352857
85.728987    89.131711
84.723669    91.976926
76.720570    82.219355
94.814180    98.929258
81.130042    85.412813
85.719168    88.169062
86.315057    91.631177
102.798564    102.890382
86.629369    90.059483
86.735510    105.478488
86.897888    90.929425
83.338100    92.778501
72.803565    90.976819
85.832457    88.062857
86.361790    91.954045
86.161272    89.560289
68.903614    90.348847
82.904658    90.381472
