96.176750    94.755595
83.881738    90.346297
102.543825    101.102954
91.393715    86.202433
98.802708    77.307037
91.659142    86.043368
103.962502    101.653782
70.611223    85.958918
58.085578    67.743575
58.439472    70.077070
57.973661    69.290326
91.739341    89.978349
72.117956    86.048596
84.374914    89.413532
95.294099    88.863317
59.181040    65.902203
59.833634    63.943951
93.808858    89.858800
59.525478    61.941541
94.715939    99.535378
71.885828    81.625124
95.428766    98.876910
82.413231    98.017606
82.707207    88.843610
85.785112    94.521167
67.373443    78.831202
94.671726    89.376296
85.056325    91.544809
85.330342    94.670107
63.153173    67.299909
76.529252    104.343312
58.304559    71.359688
86.544728    93.964914
59.083302    75.475123
82.004953    84.483928
65.985984    84.586579
99.649937    76.075052
70.097051    85.888819
57.908336    72.169514
65.971031    84.041037
55.715998    91.238385
85.550112    90.428540
107.433642    91.019772
82.541269    96.037272
92.203010    94.640380
58.678244    73.392281
