90.239047    86.681739
65.138455    109.251455
49.223809    106.807153
76.338305    107.448868
81.008160    106.771886
54.057082    62.131502
88.232456    87.486133
86.955829    90.807392
86.844567    101.491228
86.085834    90.912765
72.178153    109.733460
49.655058    68.313732
87.957238    87.700520
86.493469    91.424095
78.594811    94.728199
87.195153    91.956829
74.562562    100.074578
78.545041    106.116166
64.445449    117.955142
81.625033    106.154877
87.285573    92.201770
78.379193    77.502654
74.870245    91.763510
86.577861    91.247317
86.973067    92.395860
86.578988    91.972226
74.859799    86.461363
50.961392    86.373303
86.728110    92.281505
79.603086    105.230389
52.835202    63.971108
76.066485    94.922123
80.162828    104.810960
52.128424    64.388930
85.440637    102.461964
53.637514    62.766919
89.427635    85.964508
66.237318    96.782963
85.816662    102.192486
76.733510    107.894433
63.693502    114.593535
64.015412    115.138241
79.581340    94.099003
87.008123    90.866364
53.522812    97.982620
78.825748    95.090052
88.389008    87.706003
53.936870    99.504097
64.223363    98.062668
80.163176    94.137497
84.010909    104.045240
88.035328    87.992805
54.576472    85.956103
55.482157    60.724824
82.899772    93.379838
93.502000    95.655691
65.193805    114.208937
84.738730    103.192205
54.307364    83.348895
86.681064    92.247175
68.099318    112.889038
58.964161    102.183342
88.107306    102.831234
48.219150    70.611984
52.073817    88.153288
54.399304    98.180399
52.065993    80.391063
52.193220    87.145813
85.481197    90.112223
63.476910    91.822981
71.423774    110.387451
