115.402154    101.561669
112.655576    105.894741
102.485526    111.642049
70.738191    80.280546
86.989557    95.751963
74.223698    80.995112
97.633110    111.884540
78.361906    91.025716
87.197207    95.923824
76.528848    90.983334
86.929853    95.460052
68.854491    77.013237
66.301765    71.915205
86.070919    94.459679
88.834098    94.481169
93.067404    98.917977
108.036214    99.763710
86.353077    89.509305
86.370761    89.480412
86.298308    94.763563
87.382563    96.096013
86.847897    89.361647
85.905363    94.373222
85.209468    94.113731
68.558896    70.082116
68.911783    77.669814
87.414846    89.653834
87.377349    89.922536
85.458382    94.087600
90.484561    93.548576
86.546905    90.136310
90.826341    94.098766
65.212159    69.806671
69.140779    78.532704
117.172363    93.189781
84.362102    94.091706
69.287458    70.137955
71.042836    97.946432
68.667273    96.667669
86.201257    90.915770
71.385884    95.392437
98.129379    110.827006
100.589181    111.128900
59.734039    94.815604
98.880310    110.782153
108.410720    99.422756
94.876193    104.573804
103.288945    100.755821
59.863572    71.254297
57.552599    68.501472
67.710071    69.636310
86.177847    93.887817
92.863127    100.644007
64.617209    68.380619
62.402058    80.161734
77.634065    90.963736
89.405264    98.306819
74.421120    90.934591
92.410184    98.350314
87.588193    96.133856
61.175260    71.528781
66.493063    69.601667
68.280768    76.284328
67.780552    91.501574
86.659174    90.291123
104.941478    100.800184
88.573068    97.758088
67.026930    73.387194
61.441525    72.952740
62.507142    86.082497
73.914734    91.582693
87.268321    89.485953
