114.926724    100.731551
103.176112    110.551585
72.915751    81.160198
87.098612    94.039357
76.242623    82.056639
98.501128    110.717358
81.073688    90.523594
87.377451    94.405659
79.339935    90.527784
87.129778    93.884651
70.792669    78.100641
86.450927    92.620392
88.499352    93.292584
93.002940    97.948033
85.708923    88.506456
85.735058    88.480166
86.566538    92.936124
86.479936    88.310540
86.346162    92.479867
70.968611    78.647957
87.688667    88.565833
87.952139    88.813175
86.120243    92.093053
89.915508    92.658522
85.854280    89.208381
90.269922    93.159194
71.482979    79.555897
85.519413    92.085274
70.855534    71.365680
87.237823    89.522962
87.004255    88.493768
86.423280    92.235953
66.485829    69.530823
80.419094    90.526382
77.344110    90.559745
92.432179    97.481487
63.286228    72.490812
68.382586    70.779116
70.482608    77.356881
70.693329    91.128057
85.996411    89.398298
105.024658    100.072932
69.098118    74.502905
63.614186    73.880290
65.221984    86.271794
76.834927    91.082144
87.156761    88.465046
60.127021    98.992763
63.888277    74.623384
88.561533    93.970076
