79.863225    77.131256
76.370726    81.297980
71.143759    75.632653
72.665807    84.820943
75.260931    82.707746
86.579604    82.998850
78.113293    81.732689
79.428001    73.436749
73.386058    73.498930
72.393961    85.721051
69.544104    84.588298
77.971256    81.615566
68.070927    83.479726
79.118909    73.439942
76.913796    81.763869
67.964136    82.639301
84.713530    78.660858
68.468598    84.057959
82.179011    74.462920
66.372668    90.734754
74.407183    75.899456
79.426416    73.707662
71.037784    73.442714
77.261722    81.521506
80.368359    76.229264
82.412536    92.581489
86.916610    90.961670
83.353319    75.758281
72.966846    83.577228
73.865726    76.624036
81.035653    84.975457
74.087542    75.065581
77.167321    81.367881
80.850110    80.100210
69.684273    75.172081
86.863669    83.323125
90.509519    91.007473
74.759410    75.803943
80.630489    78.347149
