85.891051    87.719711
98.419248    97.542490
88.392045    88.132105
117.506692    103.967731
118.867064    103.751877
89.502710    85.837494
87.210572    90.070627
115.162368    100.600454
92.106924    98.947238
87.890322    93.469610
87.286567    106.125741
86.091694    95.311669
87.654777    105.264164
116.751354    101.134165
91.692040    94.427564
84.252795    97.370067
80.578020    91.359526
80.565847    99.369932
67.193675    95.348280
77.675780    99.930412
79.759086    91.529265
54.477185    72.477986
76.004808    92.845995
51.696837    61.799849
83.557709    107.558828
82.995636    101.221098
91.453294    90.268398
82.143843    107.918823
100.846799    112.633401
