114.497398    101.873512
112.567874    105.780811
102.235189    111.797119
106.508779    99.549798
69.563090    80.297378
86.567036    96.267835
73.151179    80.971065
97.333374    112.098650
76.752626    91.149848
86.876134    95.778076
74.778695    91.081050
86.619387    95.349100
67.825281    77.288722
86.479419    89.968768
64.548828    68.008576
89.513500    96.438534
65.292596    71.795311
85.509058    95.342547
88.456255    94.670970
92.362182    98.966478
106.787082    99.987467
86.412274    89.691909
86.440997    89.662425
85.938861    95.177663
86.993175    96.273266
86.947097    89.629783
85.506330    94.826627
84.699887    94.630573
67.574413    69.742721
67.836010    77.775977
87.311343    89.992512
60.596828    89.871972
87.124154    90.312913
84.972825    94.653566
89.905488    93.580868
86.479371    90.261356
90.251264    94.153698
64.073856    69.217985
67.703858    78.003573
116.132031    93.612216
83.472759    94.887976
68.501223    69.986731
69.416723    98.471277
66.897658    97.118965
85.732689    91.392972
117.029706    103.078681
69.726337    95.832706
97.235305    111.228266
99.729802    111.502196
58.102487    94.996444
97.899532    111.160595
107.261261    99.767642
94.173342    104.857668
102.159693    100.666882
58.754830    70.651111
56.503347    67.844642
66.621059    69.074656
85.765223    94.560415
92.067666    100.365181
63.489334    67.788762
60.893372    79.709792
