80.890509    78.011040
83.520603    83.268661
74.513088    78.649655
78.080940    82.584984
81.580560    80.651668
82.720901    75.251199
85.282450    83.650378
79.994291    75.241589
74.436489    83.757882
80.559052    82.462365
72.691187    83.409338
78.720330    75.130923
83.553297    79.747460
92.658594    76.989872
73.325014    83.628806
82.709881    75.604455
67.584690    91.709382
80.062401    75.333121
87.368863    80.811920
85.406296    83.730628
81.226277    77.379796
86.001685    96.678564
84.102159    76.710558
73.492103    84.365968
85.968146    88.500860
76.312534    78.015376
81.636021    84.946369
87.312288    78.838344
72.387442    77.313186
87.230249    84.229876
76.909006    78.632347
81.706264    79.137015
86.240248    79.261705
75.140109    87.968630
85.573276    79.620093
72.534977    75.633043
78.680306    82.255999
76.939812    79.028561
79.952071    75.429874
74.389173    74.240065
72.470623    82.976178
73.009220    75.138782
