64.905476    92.136254
78.104965    80.789131
73.631487    88.379374
80.340927    78.366476
69.101922    76.482591
64.252439    95.642790
79.978508    79.399690
79.801890    75.191247
74.461140    72.226552
82.010104    72.623263
78.030518    72.923737
82.742966    92.984285
70.499028    86.299070
78.323596    88.478940
76.279590    82.544019
58.098973    81.739235
96.759989    74.217893
66.560609    85.015837
80.848935    77.248186
63.807808    93.531929
74.856281    74.510058
79.438693    75.862945
84.718172    79.856602
72.686580    72.125649
