91.158313    85.211222
85.538719    79.692491
89.527772    78.145434
82.371201    78.839667
80.717109    78.257179
81.666457    82.682244
79.950966    83.302975
79.564440    83.461688
100.932889    75.194415
80.346359    83.245573
83.046867    78.361559
80.780829    78.283683
86.418345    83.183008
93.120862    85.590964
81.906761    79.705500
84.269686    79.302801
75.172915    85.972901
79.064921    81.932564
95.349121    77.074814
76.164046    80.978878
79.557465    82.529006
82.393386    81.070521
85.840511    81.666593
76.573113    88.945359
85.234791    81.935354
74.877302    79.372751
79.825499    83.732203
79.661966    82.750564
80.028306    79.113818
76.055180    78.171385
79.195641    83.498550
75.253681    78.996257
76.018994    79.753458
78.160679    79.100451
77.985606    82.023126
81.292332    80.838487
93.210127    94.258169
86.500536    82.865329
77.854760    78.994606
83.312732    78.061477
84.557962    87.184721
90.605601    91.596267
78.862151    93.922372
77.728220    88.286986
80.593111    79.056092
80.665767    82.177833
90.329100    93.723852
85.855201    85.592935
77.253609    87.991933
86.314009    98.119543
92.024698    77.041780
83.010422    80.445747
