97.761904    95.961072
84.289070    90.715075
84.233862    91.398877
104.437773    102.683004
61.492737    69.827433
60.963179    72.509343
60.820880    71.731752
73.201570    86.638352
85.026486    90.215489
96.008777    89.328115
61.523265    67.739026
61.567038    65.588740
94.548302    90.379265
62.778724    63.297390
95.534579    100.584082
82.692226    98.011939
83.195902    89.431277
85.870435    94.847999
95.365737    89.869210
85.431591    94.933799
78.339551    103.894207
86.519453    94.285036
61.115636    76.453556
67.143511    85.065199
100.339086    76.673911
70.839993    86.268900
59.347994    72.759669
109.495835    92.136288
82.755129    96.059449
60.679708    74.404833
102.472499    73.301541
101.426314    77.709075
97.699423    84.837872
60.474603    70.332297
99.576402    77.444230
67.993679    85.828137
85.604148    91.432041
93.301293    92.986401
101.472664    76.197830
92.728646    89.987244
85.380771    78.099646
102.689381    72.239779
114.419078    84.142851
62.314775    62.358476
95.941522    74.282373
86.671471    111.268551
61.257623    64.193500
79.705382    99.836033
86.351506    94.700753
82.217923    83.981139
96.231763    84.487123
95.412349    88.541315
80.163577    91.054975
84.002968    91.997441
