98.927986    96.283965
84.295160    91.351924
106.335109    102.821479
62.735278    68.382786
62.336157    71.146814
62.883373    66.535097
63.261302    64.613899
96.340607    90.008642
79.492148    103.201110
62.819389    76.222062
101.072686    76.828679
111.552800    92.009297
62.588050    74.020089
103.094965    73.540092
102.035980    77.842656
98.399932    84.929865
62.160547    69.766615
100.095987    77.624052
85.711619    91.495458
94.450545    93.437857
102.055742    76.358562
93.433721    90.097668
103.164482    72.524100
63.647393    62.388296
96.260053    74.703608
62.635168    64.261599
80.926117    98.965104
96.776118    84.594649
96.158773    88.637832
80.298054    91.122538
110.477534    106.238435
96.174592    76.189964
96.112631    76.859706
85.836117    79.765571
95.623767    89.587672
61.962652    65.851369
