84.496803    88.996667
120.026996    69.961440
117.991745    76.671579
82.225957    85.953296
117.230523    78.859746
88.407215    92.890353
83.642048    87.713126
104.620579    100.241588
105.953966    100.189745
92.921428    88.851740
87.095843    96.566777
85.471631    91.960107
83.788014    86.871153
85.440725    94.461233
83.841540    88.332540
83.636382    87.785581
102.166430    96.939007
84.296691    97.059154
83.063545    91.798128
78.593040    107.205588
79.733489    96.772376
96.677200    107.892442
61.210826    106.608205
79.088370    106.138368
104.026173    97.693048
85.044465    90.515380
76.445380    99.577843
98.257734    92.275375
119.031041    96.988960
