50.314308    73.738308
50.956568    78.258477
52.853611    106.159198
87.256013    91.801828
78.604697    105.594391
82.908570    104.718288
56.626592    62.852900
49.621271    75.554128
56.568068    83.072224
89.519553    86.447534
87.189575    90.641481
87.645076    100.549744
86.093361    90.863455
52.634606    68.868855
51.092823    72.206616
88.985768    86.834368
57.764708    88.368171
86.488978    91.276292
81.026789    93.572635
87.314832    91.781236
55.291758    104.115712
77.247564    98.303313
80.499794    104.211889
69.417233    115.228167
83.251278    104.123762
87.513004    92.001025
80.044566    78.188325
78.755805    91.297437
86.724899    91.081164
87.100816    92.156030
86.630530    91.741789
77.362535    86.946403
54.433281    86.541950
86.800468    92.018176
81.514977    103.160644
55.558319    64.619705
78.751591    93.811149
81.861607    102.969560
54.885918    65.036318
78.571632    90.496599
86.533605    100.934257
56.407099    63.454670
80.509513    81.052717
69.671631    95.897940
86.890712    100.734359
78.958589    105.924159
67.289252    112.708776
67.456800    113.385282
81.515494    93.150426
82.195391    78.790044
87.220092    90.668662
56.921501    97.285205
80.940578    93.923740
89.130740    87.171001
57.402119    98.647562
67.518822    97.022742
82.528837    92.957638
85.036580    102.434274
84.509864    82.128228
88.685648    87.517655
57.566622    86.150808
57.707112    61.487012
84.096300    92.536837
95.135938    95.619796
68.762432    112.156879
85.669007    101.833574
57.566898    83.658889
86.699307    91.967308
71.319675    110.811389
