86.679490    89.326372
86.636526    89.493002
99.476713    104.900171
92.707379    99.901602
93.205212    93.444509
93.402141    93.535923
93.273327    100.443783
88.868409    96.079850
91.809380    98.938963
103.128452    107.044699
111.328412    107.487223
82.297022    83.981022
98.658250    95.938532
80.775868    80.742463
86.296985    88.815743
86.092836    91.954690
93.032523    93.291872
105.936794    104.581104
88.156224    95.072313
86.355523    89.165184
99.000521    113.763620
86.713339    88.763817
87.639419    94.363992
95.627364    94.549543
86.628914    89.273620
75.324382    74.755588
80.471447    88.726317
85.906236    91.682712
74.818678    96.998646
85.574344    101.389735
92.552179    99.834466
59.995807    87.941219
58.994314    81.219077
58.172234    81.814129
87.462682    94.105253
60.840394    96.261478
57.665109    80.119346
56.059604    88.251687
56.702942    76.307759
86.550583    89.861295
60.813870    97.746168
55.183778    67.711672
60.771153    97.260183
87.042540    93.622554
60.881910    67.088138
54.224526    81.493202
86.513026    89.582934
86.985571    90.577451
