91.819031    99.851032
95.345092    99.029189
87.438465    90.558538
87.390310    90.518615
89.232867    97.367022
88.412095    96.416235
87.330576    94.943568
91.367197    92.948484
86.117010    93.136856
102.429637    108.482615
88.424839    96.247303
102.481153    103.834922
91.691660    93.173845
85.295988    92.208402
87.502606    90.584403
99.102010    101.746705
86.339785    93.336912
88.572061    107.910181
86.227338    89.102234
86.580340    93.753549
89.058665    91.625871
71.494568    86.996590
85.219143    92.184810
86.902014    94.237589
