105.435893    99.458457
92.833094    86.584392
92.658267    97.149093
91.858844    90.866604
101.224230    103.558014
92.506487    96.710400
93.817896    110.804843
93.934479    109.917547
97.244985    96.576210
83.256805    90.567812
56.385916    75.987176
83.275466    99.075088
83.044620    90.670777
59.768723    75.578900
80.683789    91.903695
89.522416    111.181370
86.877729    103.155390
96.024105    90.612752
88.264252    111.356252
55.169112    65.149984
62.683058    91.629430
81.488683    99.075995
60.498279    91.467944
81.034695    99.045726
54.310281    70.462964
84.796215    90.235856
53.615609    64.054587
85.939116    95.888492
53.663999    67.437240
119.812102    95.509587
79.286162    98.879187
85.174514    94.780130
87.220210    97.357396
97.958948    97.260467
84.712582    90.133808
84.642560    90.150593
79.853002    99.022687
81.951417    98.990526
83.933392    90.480401
78.712368    99.055492
76.467597    99.306429
56.661733    65.273212
54.798431    72.238551
