80.487698    78.496094
86.809718    83.040309
81.753060    82.794688
73.956199    78.034837
76.876874    83.107217
80.175591    81.113200
83.052914    75.202210
83.481356    83.175376
80.003632    75.365888
73.459064    83.940012
79.075817    82.121038
71.799410    83.411075
79.251087    75.021779
82.101826    80.170499
90.785656    77.368219
72.343601    83.723691
82.491779    75.961877
66.447250    91.965558
80.029847    75.539041
86.720578    80.861775
72.501555    75.338598
83.433756    83.223371
80.861560    77.825146
85.176133    96.030997
83.626505    77.119536
73.831077    84.122154
84.817741    87.752743
76.086451    77.610268
80.727907    84.268836
85.801586    79.112329
72.141350    76.896214
86.607289    83.913541
76.706856    78.300771
80.920403    79.675337
85.464416    79.468174
74.283536    88.483620
84.715182    79.831421
72.713095    75.314149
78.059066    82.691228
76.586290    78.454499
