106.506215    111.669654
75.409698    82.308946
87.444785    94.175573
101.928946    112.034174
84.301387    90.216121
88.647982    95.809417
82.816018    90.311276
88.226243    95.158283
72.495816    78.986164
86.768724    92.788964
89.394267    94.088097
94.329452    98.681570
109.815457    99.434802
85.259027    88.478914
85.248091    88.433868
86.966850    93.246710
88.395079    95.492188
85.792801    87.996399
86.664415    92.598352
72.464090    72.565061
73.074181    79.676678
87.138609    88.028684
86.333893    91.690945
86.077026    89.572973
69.545436    72.191282
86.022752    91.137348
72.971546    72.728024
74.177924    95.003338
87.389489    88.546519
76.925151    93.702755
65.469299    94.122309
109.615199    99.043205
106.325232    100.928195
72.032600    72.295867
86.593225    92.197593
94.768115    100.636856
69.020739    70.832618
83.161356    90.275044
90.462605    97.842105
80.896328    90.405167
95.441883    99.409023
88.129818    95.057063
65.585984    73.698562
70.316192    72.187379
74.433478    79.294633
74.592261    91.104121
87.066786    90.419197
109.186855    101.345344
89.421511    97.018210
72.662318    76.244923
68.596313    86.886578
80.061820    90.799928
86.372076    88.022516
63.493557    98.858048
63.028987    73.772164
88.339773    93.470178
60.525982    70.123457
62.967198    74.322968
86.292374    89.638052
84.598927    91.907557
85.490006    91.373506
85.299100    88.626855
84.069905    92.194501
71.913412    90.736574
74.825175    80.897400
76.059293    89.052648
86.980004    87.919814
92.925519    97.454967
79.386199    84.167192
71.886059    87.140121
86.015571    88.121559
86.180677    91.156815
100.484896    101.559056
77.728231    85.232090
72.074298    88.148819
