61.200517    74.607267
62.012637    67.875247
61.986864    78.904646
61.419889    74.986405
62.872439    67.498029
63.666332    72.951721
66.536252    100.635899
65.870962    100.672601
61.474450    71.355803
84.939495    92.688256
66.035471    100.912549
87.981019    115.605041
84.092806    103.346325
63.162786    88.928177
86.463780    100.758614
61.244921    72.131870
85.842621    91.233625
93.314513    91.334254
84.483869    99.379274
87.003424    100.459266
64.473099    63.940453
60.963128    76.295566
66.948392    87.535467
93.036258    89.744517
67.282445    83.394198
96.707728    82.149397
93.369129    88.478752
91.274091    99.293392
89.118958    89.405556
81.487396    101.736390
62.160224    69.832487
61.492146    73.062803
95.823100    82.635879
69.662876    87.795316
90.815523    90.441119
85.096226    91.463968
92.721600    91.425762
51.649970    102.167103
67.465717    99.442570
83.152963    94.078361
85.286850    98.934267
78.499133    107.944535
86.847609    100.398146
112.993256    89.042994
92.632804    91.865859
84.938558    78.537403
84.395432    90.877652
91.165324    90.047606
85.337779    91.378474
91.510785    92.224784
84.230272    90.434968
90.337502    91.610138
81.420022    95.432077
92.156794    99.401320
77.208724    85.428706
82.812876    88.283462
66.205257    86.109932
71.635370    94.950346
90.585848    92.062351
82.230338    93.849707
85.552137    98.678537
