87.093091    90.543432
89.136089    89.077933
80.576538    90.155431
79.891149    92.085027
89.477582    88.985682
80.650863    88.082544
84.534908    91.276552
74.129355    86.496541
89.926982    94.085821
60.673914    83.284312
90.543614    94.507333
72.125773    91.107931
85.667118    90.365183
77.284248    91.686251
87.416096    87.820852
91.393275    78.930718
86.061848    90.492852
86.976705    77.990640
87.952324    87.683125
66.744777    105.411537
91.714750    95.215690
86.040765    86.630541
87.071605    87.386738
64.595398    85.110404
61.866276    79.559992
86.521389    86.273978
87.490445    84.221247
