107.531053    100.786342
94.820320    87.541547
94.562986    98.424036
93.768887    91.921186
103.245490    104.582206
94.304148    97.907094
95.454124    111.402730
95.603262    110.623372
99.469839    97.991744
85.469189    90.638750
61.060355    78.411488
85.460139    99.837544
85.344216    90.719949
64.745479    78.546861
83.749311    91.812481
91.350304    111.645958
88.597865    103.678652
97.909689    91.906228
90.118430    111.606864
59.466294    68.324753
67.457719    92.486215
83.526665    98.899694
65.361596    92.398046
83.179412    98.769065
59.034843    73.800939
85.991764    90.360834
57.642010    66.987312
87.295324    96.470652
57.878207    70.241890
121.202590    96.752755
81.651961    98.698644
86.478752    95.170962
88.894507    98.323686
99.840105    98.529647
86.012268    90.200363
86.002758    90.217913
82.161165    98.798146
83.912831    98.969286
85.675603    90.578605
81.205010    98.786944
79.331518    98.999764
60.709610    68.447261
59.186048    74.958307
84.113942    91.465158
82.676758    92.050778
106.496512    114.730609
55.415119    85.972251
80.022892    98.834678
87.511180    92.702054
107.734815    112.803864
57.999910    89.140168
86.031369    90.443421
87.761154    93.315943
57.015343    68.403247
59.742867    77.036155
108.797047    93.226799
