63.024166    75.163702
63.045899    77.742195
63.443219    68.436923
64.224004    79.403099
63.355456    75.575915
64.445806    67.817431
88.931493    117.191766
110.527564    109.200752
66.108604    73.453152
68.848533    100.003678
68.217085    100.055705
63.040841    72.008184
86.504634    77.425365
68.525127    100.159844
89.562905    115.631126
85.242105    102.849978
67.698188    88.708466
87.338641    100.786291
62.959768    72.859480
72.421063    94.226593
53.878960    73.949326
72.619065    93.465305
86.088905    91.309396
83.109503    94.156416
85.577474    98.537749
88.001272    100.447817
65.795388    64.454239
50.574399    73.428165
63.026831    76.997450
70.075526    87.904343
84.343844    90.702505
81.382125    92.388676
69.664596    83.980428
99.086474    80.652180
96.052105    87.546218
92.917394    99.832398
73.234794    83.810015
90.863863    88.643494
82.686529    101.048295
63.973806    70.457294
88.138331    77.815107
63.481900    73.716314
86.031398    89.674931
98.252411    81.085800
72.195027    88.134700
93.078860    89.999150
85.312849    91.275615
95.327454    91.204912
54.402544    101.865987
70.090509    98.780559
83.864047    93.586266
86.138187    98.594597
80.306507    106.832434
87.656714    100.598051
