108.516048    94.812554
70.444100    110.072739
76.036374    109.212734
86.060589    88.765200
85.999165    91.115887
85.841054    91.593151
86.196226    91.995096
73.500207    108.651160
86.218143    92.201442
66.964055    92.458070
69.910911    96.397156
75.599894    107.277870
79.442917    68.345454
81.853830    104.097293
72.721855    78.997342
86.113639    88.055535
58.507586    98.180826
71.058124    110.525731
86.507361    88.578197
74.026500    95.982733
80.397729    105.881102
86.339545    88.722906
88.847553    94.502317
80.976242    104.955385
61.666560    115.176536
74.070495    66.681318
79.819059    94.713727
75.609398    66.290757
75.295075    81.656263
73.321891    74.011222
75.402737    81.204106
85.577857    92.227865
85.978585    91.988362
65.534889    104.271977
85.856091    89.067168
64.620925    91.233690
85.982778    92.194442
61.451955    103.692152
73.586448    66.394890
85.734466    89.121592
67.304444    103.512931
