79.339733    78.710392
72.522758    80.414518
70.958198    74.576501
70.037707    87.051571
71.897771    84.987354
87.119418    82.482288
70.130812    77.486235
66.129825    93.646348
74.125290    80.969729
81.748117    77.499947
79.775222    74.036498
73.817030    72.629501
70.095853    88.148322
67.297311    85.473891
77.440082    82.005094
66.407116    83.554347
80.438232    72.345517
75.722326    72.964065
73.264321    84.118027
80.470875    80.841537
60.142012    80.707462
66.616402    84.436982
82.038344    75.232049
65.954095    91.535065
74.801027    75.970785
79.457497    74.624765
86.848953    79.441100
71.522009    72.418172
74.433541    81.013236
79.864804    77.479113
81.266728    91.807881
84.645371    89.974961
82.808561    76.276679
74.426544    82.457688
73.790043    75.768294
78.958657    83.703244
93.496356    89.969197
74.415651    74.561332
75.959035    80.270119
86.088082    81.408813
