113.341379    109.845623
86.106312    90.428446
102.776416    83.672160
87.380167    80.826759
75.601393    89.736993
86.958877    89.464507
106.799348    114.452969
85.361260    73.966067
86.812446    86.880332
64.398529    91.262390
64.716821    102.700032
76.236706    86.539764
76.974714    72.702711
69.020919    84.867465
101.653119    103.448830
87.223326    92.243479
55.487438    82.940003
63.425245    103.317032
87.461018    92.469401
66.538556    91.491882
84.110920    90.128710
71.996483    92.354485
78.874709    93.281632
77.093651    98.121394
