102.775659    72.583418
78.482392    88.195993
95.103907    84.324117
85.174293    64.757911
55.202243    73.962586
61.562615    93.456836
84.052417    73.918626
92.977556    66.107340
62.295229    64.618102
69.654717    76.731106
96.082418    96.517994
78.063789    80.566809
74.626332    87.588055
80.042955    92.351543
85.987193    97.297958
93.075163    84.460360
91.731254    66.791420
53.211305    77.642628
88.140125    72.227022
61.426213    63.730078
62.123400    71.621946
76.419170    83.155151
76.868574    80.009719
59.432519    100.337426
59.626051    96.265493
91.421249    85.541347
101.448115    75.836935
104.026185    86.568458
77.866664    89.314594
90.094251    63.905516
76.457579    85.569299
94.743647    99.130763
105.397293    72.559298
95.152877    68.497953
55.378160    70.698460
88.739965    73.040777
94.169424    67.337667
68.174335    62.611218
62.703958    72.045070
89.933880    91.823488
63.012281    95.442448
74.699646    86.104470
80.329093    95.870630
87.897699    98.177855
102.163755    74.310818
90.712408    66.869334
54.404907    78.220584
87.059085    75.219123
85.055564    65.706670
70.814774    59.881316
57.845805    68.154589
88.822326    90.151120
58.883375    98.192727
