88.082095    90.554745
90.678914    88.554919
82.001146    90.281142
82.027869    91.639577
90.788492    88.365553
82.103187    88.540895
84.865178    91.277946
75.816958    86.853045
92.236485    95.203211
61.824470    83.862207
92.949125    95.611643
85.882796    90.420501
78.395275    91.743636
88.402806    87.340358
93.120645    79.133388
88.827764    87.018331
93.364106    95.790529
66.044191    85.252269
51.690205    66.871027
51.273720    68.957526
51.429191    68.314900
86.254802    87.731570
88.347622    90.007788
86.198666    89.710942
67.206698    85.025148
83.511140    89.016147
86.156949    89.639782
90.759337    89.080750
