81.176210    91.767256
74.329528    86.272879
87.241575    68.629740
63.023481    79.626620
-7.191765    139.957165
66.490113    98.249582
91.787162    72.074577
64.878997    68.194761
89.463823    102.027993
165.630072    141.450691
52.173860    120.269704
58.547536    141.927246
106.701609    147.234634
127.668824    154.388316
168.015163    152.118974
67.974379    85.985271
92.714745    71.155963
60.647311    81.993442
71.513167    91.009401
65.029939    68.970989
74.495743    84.254153
42.649249    124.361328
64.949039    123.791525
67.581550    96.257274
72.557611    89.765345
62.633700    84.831737
99.455697    145.824895
90.165978    69.414733
172.128089    144.791687
98.064248    135.574756
160.658920    153.822187
93.146417    74.004295
61.357650    76.209607
70.174865    91.599308
92.388438    73.016925
70.485077    66.020898
77.167827    86.729570
153.692150    129.073708
4.103581    150.006404
49.805081    139.606833
135.702930    156.553455
91.767965    70.699068
64.741776    83.160115
