83.210063    88.939858
114.649685    68.421898
119.171582    68.727442
86.039266    91.951436
77.802564    83.049508
85.691909    91.835550
82.580825    86.362907
83.467677    90.541193
99.164644    98.373429
100.377041    98.364351
88.574454    87.583456
85.613578    87.493057
83.574514    91.578760
85.943408    87.591491
90.415630    107.371975
83.479227    97.674796
83.354653    92.378915
82.005389    96.114643
121.613749    68.135958
82.467418    88.640380
83.706890    87.347475
82.042722    88.021798
96.578707    94.965257
79.496504    99.967089
70.916470    111.366650
90.977977    107.792680
71.290646    109.915461
98.133102    95.738080
83.759693    90.409388
69.582597    103.041350
