85.346971    86.570504
98.594750    98.170146
117.514548    104.425687
118.902997    104.155908
96.153769    101.308151
89.592978    84.975225
115.296516    100.962135
91.864400    100.084763
87.992954    94.536078
86.789305    107.674664
87.250317    106.733518
116.854501    101.506626
91.994973    95.198051
83.154676    99.162079
77.473452    92.019225
78.573355    101.338945
63.399584    95.848048
75.217930    101.757118
76.741726    92.013849
51.432209    70.902415
127.499374    82.073749
72.561386    93.426328
