78.813165    78.544869
73.993554    86.402321
69.104436    79.522399
81.224088    76.151132
69.696384    73.475700
68.245863    88.125174
69.539418    86.048621
68.435397    76.587395
64.975517    93.699604
70.325503    79.962675
81.197619    77.139256
79.339765    73.208145
72.891601    71.585754
68.623891    89.319865
65.675241    86.008230
64.857703    83.557237
80.632963    71.449854
75.991831    72.150798
70.771514    85.203710
64.740651    82.576613
77.466347    81.449633
59.218026    80.908889
65.104238    84.671622
81.606052    74.660811
64.881039    91.881783
73.652291    73.752470
79.167055    73.826825
86.234138    79.088725
70.826420    71.386283
71.655145    80.131727
79.579528    77.030447
80.474535    90.927604
83.098378    88.621472
82.474003    76.094996
