85.923671    89.674476
86.101255    89.696887
106.986237    107.757695
96.894623    102.187348
97.501900    102.684653
85.852185    90.035880
92.519685    98.618826
108.610995    108.916350
84.129663    84.751623
105.054184    97.529409
87.788399    87.462379
89.484324    96.119304
78.746513    74.883292
80.213700    94.819045
91.823067    105.263392
98.969136    103.070927
89.524714    95.909677
86.292644    90.341869
57.516381    88.167256
88.660778    95.095247
89.426847    92.344268
86.293837    90.281873
76.849341    72.711793
86.275960    90.349743
56.742213    92.581563
92.446633    105.998100
77.472665    71.932105
82.892972    78.337915
54.257774    79.378639
82.341304    86.156076
59.080379    87.897958
85.115473    89.847538
56.725505    90.835794
82.249453    92.173981
