104.832090    87.219514
82.095071    80.879620
97.599372    74.660877
102.063122    74.033583
80.274229    81.664894
94.125720    79.407329
80.703030    84.382548
91.814047    81.607322
80.374285    81.578424
81.571471    81.427341
83.118492    81.368465
84.307569    87.577044
84.295844    87.985459
82.911126    82.084194
78.391772    88.838915
85.100719    88.432144
78.656959    82.724493
77.189085    83.334755
77.778657    82.795570
86.283048    86.756911
81.319109    82.060547
84.515668    85.140910
77.654627    82.756266
93.238421    92.415357
100.800007    96.571079
82.044535    95.876252
80.036204    87.928641
78.917680    82.679742
81.222047    82.863448
99.343095    98.885328
83.572357    87.160704
79.938111    86.957634
92.605986    102.764491
105.406308    73.045487
82.917461    81.417369
80.141758    82.139087
79.697833    81.973320
109.275698    87.535480
83.752827    82.330907
82.241856    85.652751
77.077478    91.666176
78.593736    87.278063
