65.494884    76.267229
65.629310    78.807352
65.657169    69.428725
66.673924    80.359753
65.706260    76.507358
86.369448    91.102288
66.626347    68.518044
114.806392    111.613923
65.566370    70.821468
112.396863    109.765682
70.520189    100.179029
69.740188    100.302732
65.634026    72.695938
97.400278    113.825183
71.268796    100.093334
90.240212    116.748989
86.223122    103.274959
87.931390    101.659266
66.154031    73.343425
74.856585    93.258332
86.513557    91.482990
82.182976    93.819927
83.858540    93.746310
88.625023    101.138527
67.698461    65.206413
65.857029    77.620463
84.931623    90.867289
82.629672    92.148432
