84.846906    90.906329
110.697741    106.746507
66.199625    73.343033
66.266021    75.965527
76.488811    88.415084
66.674902    66.907822
101.362279    105.442402
81.650854    106.611624
88.166483    97.303214
67.213182    80.252879
102.711124    77.965509
74.329645    88.167088
65.472910    76.754302
115.575611    94.676178
66.842395    78.372812
104.749824    74.767739
122.444210    86.402325
103.971815    78.882863
100.878864    85.584210
65.886395    74.281639
101.809383    78.622129
72.206405    87.991311
98.344088    95.200669
103.862774    77.483293
96.278164    90.953329
105.028192    73.653031
66.890336    66.289488
97.538918    76.134441
89.937131    116.227044
66.503801    68.220277
82.543609    102.180087
87.874339    97.811039
98.886105    85.172986
98.995990    89.421940
102.179966    119.406870
114.823244    109.639519
97.132925    76.978703
97.247497    77.466418
101.271395    104.035909
86.710196    82.395386
98.563344    90.481478
66.029721    69.858654
81.812193    105.527810
82.261581    102.182865
104.878046    72.676408
89.515213    91.255434
111.927348    107.459024
97.617397    72.861168
99.617043    90.338595
98.310204    92.545126
96.110264    75.570255
61.648034    100.280529
56.354103    64.314247
86.800504    91.003391
99.934602    102.392450
65.995106    96.132718
84.517654    91.997398
86.463892    96.668964
98.407987    98.314593
67.324885    72.438350
