91.508200    100.924327
104.172427    94.991853
66.277195    112.595738
72.375337    111.805270
67.573255    98.305863
69.465257    111.318451
61.819288    93.429453
64.848973    98.210291
71.651738    109.991034
53.477414    99.700532
79.873973    105.975332
66.725008    113.102431
69.262679    97.396924
85.609134    91.342472
52.061427    101.038877
68.789753    97.841287
77.341685    108.448145
85.312712    89.176323
74.789301    96.717784
87.076639    94.364979
77.824369    107.491190
85.321892    92.842622
61.156359    115.283829
70.404348    66.501082
72.615079    75.070399
71.352086    66.543546
70.746392    73.363876
85.094487    92.698333
85.654318    92.322539
61.739116    106.433273
85.267296    89.312441
85.635541    92.579908
57.903113    105.570569
71.161601    66.358538
85.142799    89.336908
63.576214    105.704689
78.684624    69.579527
84.973692    92.968601
76.490009    108.754640
81.687175    104.968349
85.610029    89.146577
78.545407    106.968192
70.706654    72.499599
85.332547    88.753550
85.430649    92.795484
70.221972    67.229570
