107.910641    95.734377
53.707364    73.544961
54.694681    78.188164
56.119821    66.374533
56.446204    104.653162
92.714473    79.802046
80.128768    107.665866
53.647193    89.860667
84.609293    102.634849
54.055271    71.426653
88.633674    91.578859
81.305375    102.983365
84.780281    102.709827
59.714986    63.164286
53.877294    75.429938
87.644983    90.794132
89.250421    89.768720
89.009217    99.802531
86.864737    90.399796
56.777456    68.997548
55.538397    72.254668
62.812500    87.943820
87.719411    90.952779
83.375277    92.415598
89.028514    91.589893
60.549907    102.152230
80.443859    96.153756
83.014747    101.596414
84.987468    102.183934
89.131639    91.875537
82.531258    78.761060
87.953742    90.734021
88.434544    92.069048
87.660424    91.603583
89.437714    100.186001
80.263677    87.501871
59.513799    86.178510
87.882171    91.913099
83.828089    100.531493
58.953856    64.721197
81.952349    89.562682
81.007842    92.942898
84.079038    100.505750
58.326786    65.140004
81.155530    90.369309
87.779030    99.754154
59.807653    64.038962
82.593009    81.041509
74.317587    94.340041
88.119543    99.664501
82.017514    102.864749
71.052701    110.171739
91.022561    99.096691
71.176654    110.847480
82.944096    92.542188
83.370918    78.737513
87.917050    90.385092
60.498250    96.450389
82.466019    93.177076
85.572597    90.083645
90.514473    86.202722
85.598477    90.956024
86.335825    90.180657
60.751678    97.791501
70.677302    96.103781
83.778202    92.328103
86.165482    101.389226
85.289330    82.020400
85.496371    89.087337
89.923972    86.642198
60.891434    86.124547
85.439017    90.537961
85.808875    90.469734
