79.312851    79.091308
81.485214    76.961137
65.718038    93.971383
81.449822    78.057110
79.836962    74.664032
74.276121    73.399436
68.499279    85.311440
80.459409    73.097862
67.359383    82.576140
59.615081    80.379782
81.946859    75.813546
65.458047    92.043884
75.143116    76.044438
79.750314    75.040052
72.158239    73.100221
79.900562    78.034924
81.845704    92.558470
82.653069    77.026947
74.857191    82.854022
74.328626    76.354083
79.851530    84.338156
74.856186    75.106650
76.639955    80.796521
102.740328    75.444269
77.480647    81.959487
70.612956    74.274441
