92.936200    99.505269
89.702016    96.675144
88.801200    91.253928
88.736529    91.206481
89.997524    97.104735
88.084463    94.755624
93.186004    93.470963
86.657830    92.688575
89.130058    96.050114
98.575504    103.755831
104.284840    103.723435
78.291294    81.038945
93.571542    93.694138
76.839040    78.039691
95.208724    99.249868
85.844638    91.594844
89.006096    91.344613
79.005981    82.328276
101.433876    102.321073
86.854246    93.153596
86.152653    88.841740
90.471867    106.007676
86.350302    89.234645
87.062771    93.677426
90.603208    92.207100
68.994841    71.105799
76.997329    87.934660
85.637701    91.656732
80.075105    89.043915
87.612126    94.002172
56.001564    87.042203
55.106592    79.935996
54.312677    80.585204
86.409252    92.113238
