76.739841    83.022515
80.283953    68.996874
61.549839    74.900384
71.990527    84.851340
83.674419    71.252808
86.416029    68.613663
66.731240    69.317843
80.018709    75.479590
76.610655    80.472303
84.871534    69.671257
60.392810    77.322177
86.160002    70.802361
65.857896    68.296580
65.513488    72.557611
80.201005    76.404681
77.764054    75.334937
64.298684    93.296012
63.707658    91.034828
91.581647    82.226184
88.890205    77.353620
84.535000    67.650270
75.182918    79.335983
88.050816    70.097788
61.915784    72.758350
86.904622    71.314921
87.368143    69.381274
70.370864    68.006416
65.633960    72.586097
81.978537    84.493372
71.854453    86.051476
77.508038    78.782347
84.033376    69.904252
60.825580    77.641045
86.629176    72.208647
82.339817    66.801650
71.767624    65.272128
63.412170    71.008847
81.680181    83.943427
69.255072    88.251735
65.629846    94.675882
81.003579    81.662043
61.689819    89.439629
82.459844    81.774415
60.954443    86.015609
83.520407    69.630236
77.766647    70.658017
76.789923    79.958157
75.303282    79.118485
75.461362    80.006974
93.688700    69.754948
64.096319    90.200164
60.826843    84.242226
75.015087    74.631728
68.801641    85.378050
