86.866433    90.570547
74.742978    87.000000
91.678363    69.372283
66.195729    79.235100
-5.902471    142.020179
67.088356    101.756163
93.778745    74.056332
70.279125    67.990291
92.252268    103.269408
166.366045    143.030859
53.226274    123.491597
60.375721    144.133974
108.257772    148.090611
128.193213    155.221560
168.374007    153.094849
68.285946    86.878611
95.855831    72.290375
63.265215    81.504997
71.461392    94.589873
69.928566    69.255092
77.897534    84.845407
43.561905    127.333993
66.867754    126.396740
