85.070393    91.254751
111.384939    107.135287
67.530144    75.567070
67.800168    78.193097
77.543576    89.330910
67.583138    69.082631
115.871922    95.000292
68.294338    80.092508
104.908942    75.470172
122.776881    86.892780
104.171778    79.426573
67.312788    76.249622
73.669419    89.048708
104.027867    78.072897
105.115035    74.363496
67.897201    68.364565
97.715794    77.203946
90.525111    116.616808
67.467713    70.274926
99.262970    85.559483
103.030242    119.727739
115.356803    109.746215
97.395632    77.741399
97.449184    78.234473
102.201489    104.662183
66.678430    70.932342
82.620538    105.480907
105.032728    73.100627
112.659556    107.776103
97.666831    73.380606
98.836936    93.050053
63.040106    100.484268
100.703722    102.955397
99.061982    98.821356
68.517938    74.024103
68.840900    99.527580
73.009296    97.700608
72.059661    97.912588
98.561296    104.363930
91.764709    105.617469
66.868315    72.311271
105.311032    71.255362
98.714858    103.211533
83.261663    101.052653
