90.387346    92.410380
110.568063    108.548960
85.940172    90.602266
86.018725    90.435474
99.952447    84.223719
101.044595    102.827640
86.772397    80.836229
73.089719    89.476870
86.124861    89.198090
104.193960    112.607650
87.860732    79.200841
73.564270    89.214972
69.925377    90.600061
86.319225    87.502024
61.964956    91.384023
63.283089    103.070422
75.006425    86.453907
86.101737    90.410013
80.842640    92.459368
81.425913    94.687403
76.019884    72.663008
86.357858    90.219491
81.702923    94.925036
67.577729    84.834795
85.975095    90.491654
61.842969    92.589687
98.836335    101.537945
