89.578023    101.196987
63.689430    114.024391
69.891017    113.254440
63.101685    99.559740
58.144563    94.019016
60.669064    99.245128
49.935589    100.680851
64.238094    114.532416
84.095390    101.913017
84.986267    91.346305
64.675899    98.953806
84.482301    89.011599
69.843329    98.193861
86.233100    94.364322
75.110958    109.137568
84.430628    93.173436
67.934083    65.943631
68.628174    65.963985
70.113827    80.250844
68.260713    72.562742
84.532185    92.836734
85.219853    92.380023
59.136101    107.472265
84.596937    89.037339
57.718078    92.043575
85.198137    92.642672
55.383252    106.413294
68.870138    65.687449
84.451768    89.046704
60.887359    106.708259
76.559757    69.181209
84.145579    93.292010
74.424483    110.062445
84.866087    89.039721
76.328447    108.401995
67.960526    71.459025
84.535244    88.592360
84.771298    93.042125
67.664522    66.699364
77.846043    97.194607
73.062953    96.809542
