83.845141    88.473418
116.999670    69.625703
121.414441    69.996578
87.132260    91.894376
114.790323    76.250311
80.865258    84.958741
113.896043    78.422916
86.720627    91.751638
83.317249    87.320127
84.337049    89.893810
101.522824    98.821867
102.807604    98.803524
90.116807    88.186277
86.369076    88.014559
93.695842    105.919330
85.605384    95.661985
84.490474    91.293121
83.206093    86.454530
84.090851    93.894407
83.390795    88.004279
83.292246    87.518986
99.106765    95.594586
82.516853    96.983322
81.580754    92.241604
75.892994    107.612303
77.032645    97.854361
94.361508    106.348710
61.038136    108.209502
76.473929    106.586272
101.254725    96.374082
84.096246    89.882784
73.931363    100.472111
95.484029    91.228509
